AARSD1_NM_001261434	TTT_ACCACCACC	142	151	186	0.0	0.0	4.0	0.0	0.0	1.0	2.0	1.0	0.0	0.0	0.0	0.0	0.0	0.0	0.0	0.0	1.0	1.0	0.0	0.0	0.0	1.0	0.0	0.0	0.0	0.0	0.0	0.0	0.0	0.0
AATK_NM_001080395	SSS_AGCAGCAGC	2638	2647	2676	0.0	0.0	0.0	0.0	0.0	0.0	0.0	0.0	0.0	0.0	0.0	0.0	0.0	0.0	0.0	0.0	0.0	0.0	0.0	0.0	0.0	0.0	0.0	0.0	0.0	0.0	0.0	0.0	0.0	0.0
ABCA9_NM_080283	KKK_AAAAAAAAA	3244	3253	3378	0.25	0.0	0.0	0.25	0.0	0.0	0.0	0.25	0.0	0.0	0.0	0.25	0.0	0.25	0.0	0.0	0.5	0.0	0.0	0.625	0.0	0.0	0.0	0.25	0.25	0.5	0.0	0.0	0.0	0.0
ABCD1_NM_000033	VVV_GTGGTGGTG	1561	1570	1764	0.5	0.0	0.3333333333333333	0.16666666666666666	0.0	0.0	0.16666666666666666	0.5	0.0	0.0	0.16666666666666666	0.0	0.0	0.3333333333333333	0.0	0.16666666666666666	0.0	0.0	0.3333333333333333	0.07692307692307693	0.0	0.0	0.0	0.0	0.0	0.0	0.16666666666666666	0.0	0.16666666666666666	0.16666666666666666
ABL1_NM_007313	EEE_GAGGAGGAG	2260	2269	2400	0.0	0.0	0.0	0.0	0.0	0.25	0.0	0.0	0.0	0.0	0.0	0.0	0.0	0.0	0.25	0.0	0.0	0.0	0.0	0.4	0.5	0.25	1.0	0.0	0.0	0.0	0.0	0.0	0.0	0.0
ABLIM3_NM_001301015	FFF_TTCTTCTTC	280	289	348	0.5	0.0	0.5	0.0	0.0	0.5	0.0	2.0	0.0	0.5	0.0	2.5	0.0	0.0	0.0	0.5	0.0	0.0	0.5	0.25	0.5	0.0	1.0	0.0	0.0	0.0	1.5	0.0	0.0	0.0
AFAP1_NM_001134647	EEE_GAGGAGGAG	481	490	654	0.0	0.0	0.0	0.2	0.0	0.2	0.0	0.0	0.0	0.2	0.0	0.0	0.6	0.0	0.0	0.0	0.0	0.0	0.0	0.08333333333333333	0.0	0.0	0.0	0.4	0.0	0.0	0.0	0.0	0.0	0.0
AGAP3_NM_031946	VVV_GTGGTGGTG	1927	1936	2196	0.0	0.125	0.0	0.25	0.0	0.0	0.0	0.0	0.125	0.0	0.0	0.125	0.25	0.125	0.125	0.125	0.0	0.0	0.0	0.0	0.125	0.0	0.125	0.0	0.0	0.125	0.0	0.0	0.25	0.0
AHDC1_NM_001029882	SSSSSS_TCCTCCTCCTCCTCCTCC	3355	3373	3474	0.0	0.0	0.0	0.3333333333333333	0.0	0.0	0.0	0.0	0.0	0.0	0.0	0.0	0.0	0.0	0.3333333333333333	0.3333333333333333	0.0	0.0	0.0	0.0	0.3333333333333333	0.0	0.0	0.0	0.0	0.0	0.0	0.0	0.0	0.0
AHDC1_NM_001029882	RRR_CGGCGGCGG	1861	1870	2025	0.0	0.0	0.0	0.0	0.0	0.2	0.0	0.0	0.0	0.0	0.2	0.4	0.0	0.0	0.0	0.0	0.2	0.0	0.0	0.0	0.0	0.0	0.0	0.0	0.0	0.0	0.0	0.0	0.0	0.0
AKAP2_NM_001198656	QQQQQQ_CAGCAGCAGCAGCAGCAG	1219	1237	1278	1.0	0.0	0.0	0.0	0.0	2.0	0.0	0.0	0.0	0.0	2.0	2.0	1.0	1.0	0.0	0.0	0.0	0.0	0.0	0.0	0.0	0.0	1.0	0.0	0.0	0.0	0.0	0.0	0.0	0.0
ALKBH5_NM_017758	EEE_GAGGAGGAG	334	343	423	0.5	0.0	0.5	0.0	0.5	1.0	0.5	0.0	0.0	0.5	0.0	0.0	0.0	0.5	0.5	1.5	1.0	0.0	0.0	0.0	0.0	0.0	0.0	0.5	0.5	0.0	0.5	0.0	1.0	0.0
ANO8_NM_020959	QQQQ_CAGCAGCAGCAG,EEEE_GAGGAGGAGGAG	2791	2827	2868	0.0	0.0	0.0	0.0	0.0	0.0	0.0	0.0	0.0	0.0	0.0	0.0	0.0	0.0	0.0	0.0	0.0	0.5	0.5	0.0	0.0	0.0	0.0	0.0	0.0	0.5	0.0	0.0	0.0	0.5
AP1AR_NM_018569	EEE_GAAGAAGAA	412	421	444	0.0	0.0	0.0	0.0	4.0	1.0	0.0	0.0	1.0	0.0	1.0	1.0	0.0	0.0	0.0	0.0	1.0	1.0	0.0	0.0	0.0	0.0	0.0	0.0	0.0	0.0	1.0	0.0	0.0	1.0
AP5S1_NM_001204446	QQQ_CAGCAGCAG	301	310	357	0.0	0.0	0.0	0.0	0.0	0.0	0.0	0.0	0.0	0.0	0.0	0.0	0.0	0.0	1.0	1.0	0.0	0.0	0.0	0.2222222222222222	2.0	0.0	0.0	0.0	0.0	0.0	0.0	0.0	0.0	0.0
APBB1_NM_001164	EEE_GAGGAGGAG	1243	1252	1329	0.5	0.5	0.0	0.0	0.0	0.5	0.5	0.0	0.0	0.0	0.0	0.0	0.0	0.0	0.0	0.0	0.0	0.5	0.5	0.0	0.0	0.0	0.0	0.0	0.0	0.0	0.0	0.0	0.5	0.0
ARAP1_NM_001040118	EEE_GAGGAGGAG	622	631	675	0.0	0.0	0.0	0.0	0.0	0.0	0.0	0.0	0.0	0.0	0.0	0.0	0.0	11.0	22.0	11.0	0.0	0.0	0.0	0.5	0.0	0.0	0.0	0.0	0.0	0.0	0.0	0.0	0.0	0.0
ARID1A_NM_006015	QQQQ_CAGCAGCAGCAG	1534	1546	1965	0.0	0.14285714285714285	0.0	0.21428571428571427	0.14285714285714285	0.07142857142857142	0.2857142857142857	0.21428571428571427	0.0	0.14285714285714285	0.07142857142857142	0.07142857142857142	0.0	0.07142857142857142	0.21428571428571427	0.35714285714285715	0.07142857142857142	0.14285714285714285	0.07142857142857142	0.29411764705882354	0.7857142857142857	0.14285714285714285	0.5714285714285714	0.0	0.07142857142857142	0.0	0.21428571428571427	0.0	0.07142857142857142	0.21428571428571427
ARID1B_NM_020732	GGGGGGGG_GGCGGCGGCGGCGGCGGCGGCGGC,GGGG_GGAGGAGGAGGA,GGGGGGGG_GGAGGAGGAGGAGGAGGAGGAGGA	1018	1084	1701	0.0	0.13636363636363635	0.045454545454545456	0.13636363636363635	0.0	0.045454545454545456	0.045454545454545456	0.0	0.0	0.045454545454545456	0.0	0.045454545454545456	0.13636363636363635	0.0	0.0	0.045454545454545456	0.045454545454545456	0.045454545454545456	0.2727272727272727	0.41379310344827586	0.045454545454545456	0.22727272727272727	0.13636363636363635	0.22727272727272727	0.09090909090909091	0.18181818181818182	0.3181818181818182	0.2727272727272727	0.09090909090909091	0.0
ARID1B_NM_020732	QQQQQQQ_CAGCAGCAGCAGCAGCAGCAG,QQQQQQQ_CAGCAGCAGCAGCAGCAGCAG,NNN_AACAACAAC,GGG_GGCGGCGGC	439	538	792	0.0	0.09090909090909091	0.0	0.0	0.0	0.18181818181818182	0.0	0.0	0.0	0.2727272727272727	0.0	0.09090909090909091	0.0	0.0	0.2727272727272727	0.0	0.0	0.0	0.0	0.1111111111111111	0.0	0.0	0.0	0.0	0.0	0.09090909090909091	0.0	0.0	0.0	0.09090909090909091
ARID1B_NM_020732	QQQ_CAGCAGCAG	4294	4303	4473	0.2	0.4	0.0	0.0	0.0	0.0	0.4	0.0	0.0	0.0	0.0	0.0	0.2	0.0	0.0	0.0	0.0	0.2	0.0	0.07142857142857142	0.4	0.0	0.0	0.0	0.0	0.0	0.0	0.2	0.0	0.8
ARID1B_NM_020732	GGGG_GGCGGCGGCGGC	757	769	792	0.0	0.0	0.0	0.0	0.0	1.0	0.0	0.0	0.0	0.0	0.0	0.0	0.0	0.0	0.0	0.0	0.0	0.0	0.0	0.5	0.0	0.0	0.0	0.0	0.0	0.0	0.0	0.0	0.0	0.0
ATRX_NM_000489	QQQ_CAGCAGCAG	7342	7351	7449	0.0	0.0	2.3333333333333335	0.3333333333333333	0.0	0.0	0.0	0.0	0.0	0.6666666666666666	0.0	1.3333333333333333	0.3333333333333333	1.0	0.0	1.0	0.6666666666666666	0.3333333333333333	0.0	0.25	0.0	1.0	0.0	0.3333333333333333	0.0	0.0	0.0	0.0	0.0	0.0
ATXN2_NM_002973	QQQQQQQQQQQQQ_CAGCAGCAGCAGCAGCAGCAGCAGCAGCAGCAGCAGCAG,QQQQQQQQQ_CAGCAGCAGCAGCAGCAGCAGCAGCAG	595	664	846	0.0	0.125	0.0	0.0	0.0	0.0	0.375	0.25	0.125	0.125	0.125	0.0	0.0	0.0	0.25	0.25	0.0	0.0	0.0	0.6363636363636364	0.75	0.375	0.625	0.75	0.5	0.25	0.0	0.625	0.125	0.375
AXIN1_NM_003502	HHH_CACCACCAC,HHH_CACCACCAC	1687	1714	1869	0.16666666666666666	0.0	0.0	0.0	0.0	0.0	0.0	0.0	0.0	0.0	0.0	0.0	0.0	0.0	0.0	0.0	0.0	0.16666666666666666	0.0	0.0	0.0	0.0	0.0	0.0	0.0	0.0	0.0	0.0	0.0	0.0
BBC3_NM_001127240	GGG_GGAGGAGGA	586	595	846	0.0	0.0	0.0	0.0	0.0	0.0	0.0	0.125	0.0	0.0	0.125	0.125	0.0	0.0	0.125	0.125	0.0	0.0	0.0	0.0	0.0	0.0	0.0	0.0	0.0	0.0	0.0	0.0	0.0	0.0
BCORL1_NM_001184772	SSS_TCCTCCTCC	4204	4213	4308	0.0	0.0	0.0	0.0	0.0	0.0	0.0	0.3333333333333333	0.0	0.0	0.0	0.0	0.0	0.0	0.0	0.0	0.0	0.0	0.0	0.0	0.0	0.3333333333333333	0.0	0.3333333333333333	0.0	0.0	0.0	0.0	0.0	0.0
BMP1_NM_006129	LLL_CTGCTGCTG	136	145	192	0.0	0.0	0.0	0.0	0.0	0.0	0.0	0.0	0.0	3.0	1.0	2.0	2.0	0.0	0.0	0.0	0.0	0.0	0.0	0.1111111111111111	0.0	0.0	0.0	0.0	0.0	0.0	0.0	1.0	0.0	0.0
BMP2K_NM_198892	QQQQQQQQ_CAGCAGCAGCAGCAGCAGCAGCAG,QQQQ_CAGCAGCAGCAG,QQQQQQQQQ_CAGCAGCAGCAGCAGCAGCAGCAGCAG,HHHHHHHH_CACCACCACCACCACCACCACCAC	1477	1582	1788	0.4	0.0	0.0	0.1	0.0	0.5	0.1	0.1	0.4	0.1	0.0	0.0	0.0	0.0	0.2	0.3	0.1	0.1	0.1	0.23076923076923078	0.0	0.0	0.7	0.3	0.2	0.1	0.1	0.6	0.0	0.2
BMS1_NM_014753	EEE_GAAGAAGAA	2548	2557	2583	0.0	0.0	0.0	1.0	0.0	0.0	2.0	5.0	0.0	1.0	2.0	1.0	0.0	0.0	0.0	0.0	1.0	2.0	1.0	0.5	1.0	0.0	0.0	0.0	0.0	1.0	6.0	2.0	1.0	1.0
BPTF_NM_182641	KKK_AAAAAAAAA,EEEE_GAAGAAGAAGAA	2689	2722	2766	0.0	0.0	0.0	0.0	0.0	0.5	0.5	0.5	0.0	0.5	0.5	0.5	0.0	1.0	0.5	0.0	3.0	3.5	0.5	1.0	1.0	0.0	0.0	0.0	1.0	0.0	0.0	0.0	0.0	0.0
BRD1_NM_001304808	EEE_GAGGAGGAG	2923	2932	3099	0.0	0.2	0.0	0.0	0.0	0.0	0.4	0.2	0.0	0.0	0.4	0.4	0.0	0.0	0.2	0.0	0.0	0.0	0.0	0.0	0.0	0.4	0.0	0.0	0.0	0.6	0.8	0.0	0.2	0.0
BRD3_NM_007371	SSSS_AGCAGCAGCAGC,SSS_AGCAGCAGC	2206	2242	2262	0.0	0.0	0.0	0.0	0.0	5.0	0.0	0.0	0.0	0.0	0.0	0.0	0.0	0.0	0.0	0.0	0.0	0.0	0.0	0.0	0.0	0.0	0.0	0.0	0.0	0.0	0.0	0.0	0.0	0.0
BRD3_NM_007371	KKK_AAGAAGAAG	2089	2098	2262	0.0	0.4	0.2	0.2	0.0	0.0	0.2	1.0	0.4	0.4	0.0	0.2	0.6	0.2	0.0	0.0	1.0	0.0	0.0	0.0	0.0	0.0	0.0	0.0	0.0	0.0	0.0	0.0	0.0	0.0
BRD3_NM_007371	SSS_AGCAGCAGC	2137	2146	2262	0.0	0.25	1.25	0.0	0.5	0.5	0.0	0.0	0.5	0.25	0.0	0.0	0.0	0.0	1.25	0.0	0.0	0.0	0.0	0.0	0.0	0.0	0.0	0.0	0.0	0.0	0.0	0.0	0.0	0.0
C19orf12_NM_001031726	QQQ_CAGCAGCAG	484	493	552	1.5	0.0	0.0	0.0	0.0	0.5	1.0	0.0	0.0	0.0	0.0	0.0	2.0	0.0	0.0	0.0	0.5	0.0	3.0	2.25	0.5	0.0	0.0	0.0	0.0	0.0	0.0	0.0	0.0	0.0
C19orf47_NM_001256440	EEE_GAGGAGGAG	667	676	717	0.0	0.0	0.0	0.0	0.0	0.0	0.0	0.0	0.0	0.0	0.0	0.0	0.0	0.0	0.0	0.0	0.0	0.0	0.0	0.14285714285714285	0.0	0.0	0.0	1.0	0.0	0.0	0.0	0.0	0.0	0.0
CCDC130_NM_030818	EEEE_GAGGAGGAGGAG	694	706	771	0.0	0.0	0.0	0.0	0.0	1.5	0.5	0.5	0.0	0.0	4.0	1.0	0.0	0.0	0.0	0.0	0.0	0.0	0.0	0.5714285714285714	0.0	0.0	0.5	0.0	0.0	0.0	0.5	0.0	0.0	0.0
CCM2L_NM_080625	GGGG_GGCGGCGGCGGC	754	766	897	0.0	0.0	0.0	0.0	0.0	0.0	0.0	0.0	0.0	0.0	0.0	0.0	0.0	0.0	0.0	0.0	0.0	0.0	0.0	0.0	0.0	0.0	0.0	0.5	0.0	0.0	0.0	0.0	0.0	0.0
CD2BP2_NM_001243646	KKK_AAGAAGAAG	169	178	225	1.0	0.0	1.0	0.0	3.0	1.0	2.0	0.0	0.0	0.0	0.0	0.0	0.0	0.0	0.0	0.0	0.0	1.0	1.0	0.5555555555555556	0.0	0.0	0.0	0.0	0.0	0.0	0.0	0.0	0.0	1.0
CD79A_NM_001783	LLL_CTGCTGCTG	583	592	642	0.0	0.0	0.0	0.0	0.0	0.0	0.0	0.0	0.0	0.0	0.0	0.0	0.0	0.0	0.0	1.0	1.0	0.0	0.0	0.1	0.0	0.0	0.0	0.0	2.0	1.0	0.0	0.0	0.0	0.0
CDH15_NM_004933	LLL_CTGCTGCTG	1945	1954	2067	0.0	0.0	0.0	0.0	0.0	0.0	0.0	0.0	0.0	0.0	0.0	0.0	0.0	0.0	0.0	0.0	0.0	0.0	0.0	0.0	0.0	0.0	0.0	0.0	0.0	0.0	0.0	0.0	0.0	0.0
CDHR5_NM_021924_1	LLLL_CTGCTGCTGCTG	2131	2143	2241	0.0	0.0	1.0	4.666666666666667	1.6666666666666667	1.6666666666666667	0.6666666666666666	1.0	0.6666666666666666	1.6666666666666667	1.3333333333333333	5.0	0.3333333333333333	1.0	0.3333333333333333	0.6666666666666666	0.3333333333333333	0.3333333333333333	0.6666666666666666	3.6666666666666665	1.3333333333333333	0.6666666666666666	2.0	0.0	1.0	0.3333333333333333	0.0	0.3333333333333333	0.6666666666666666	0.3333333333333333
CELSR2_NM_001408	EEE_GAGGAGGAG	8338	8347	8388	0.0	0.0	0.0	0.0	1.0	0.0	0.0	0.0	0.0	0.0	0.0	0.0	0.0	0.0	0.0	0.0	0.0	2.0	2.0	0.0	0.0	0.0	0.0	0.0	0.0	0.0	0.0	0.0	0.0	0.0
CEP170_NM_014812_1	QQQ_CAACAACAA	2344	2353	2388	0.0	0.0	0.0	0.0	0.0	0.0	0.0	0.0	0.0	0.0	0.0	1.0	1.0	0.0	0.0	0.0	0.0	0.0	0.0	0.0	0.0	0.0	0.0	0.0	0.0	0.0	0.0	0.0	0.0	1.0
CHIC2_NM_012110	CCC_TGCTGCTGC	376	385	426	0.0	0.0	0.0	0.0	0.0	0.0	0.0	0.0	2.0	1.0	1.0	0.0	0.0	0.0	1.0	1.0	0.0	0.0	5.0	1.2857142857142858	0.0	0.0	0.0	1.0	1.0	1.0	1.0	3.0	1.0	0.0
CIC_NM_001304815	EEE_GAGGAGGAG	3208	3217	3255	0.0	0.0	0.0	0.0	0.0	0.0	0.0	0.0	0.0	0.0	0.0	0.0	0.0	0.0	0.0	0.0	0.0	0.0	2.0	0.6666666666666666	0.0	0.0	0.0	0.0	0.0	0.0	0.0	0.0	0.0	0.0
CNTLN_NM_017738	QQQ_CAACAACAA	3073	3082	3129	2.0	0.0	0.0	0.0	0.0	0.0	0.0	1.0	0.0	0.0	0.0	0.0	0.0	0.0	0.0	0.0	0.0	0.0	0.0	0.2222222222222222	0.0	0.0	0.0	0.0	0.0	0.0	0.0	0.0	0.0	0.0
CNTROB_NM_001037144	EEE_GAAGAAGAA	1165	1174	1209	0.0	0.0	0.0	0.0	0.0	0.0	0.0	0.0	0.0	0.0	0.0	0.0	0.0	0.0	0.0	0.0	0.0	0.0	0.0	0.0	0.0	0.0	0.0	0.0	0.0	0.0	0.0	0.0	1.0	1.0
CPEB2_NM_001177382	PPPP_CCGCCGCCGCCG	682	694	1080	0.0	0.07692307692307693	0.0	0.15384615384615385	0.0	0.0	0.0	0.07692307692307693	0.5384615384615384	0.0	0.7692307692307693	0.07692307692307693	0.15384615384615385	0.15384615384615385	0.15384615384615385	0.07692307692307693	0.0	0.15384615384615385	0.15384615384615385	0.2	0.0	0.07692307692307693	0.0	0.0	0.0	0.38461538461538464	0.07692307692307693	0.15384615384615385	0.07692307692307693	0.07692307692307693
CPEB2_NM_001177382	PPPP_CCGCCGCCGCCG	727	739	1080	0.18181818181818182	0.0	0.0	0.0	0.0	0.0	0.45454545454545453	0.2727272727272727	0.0	0.9090909090909091	0.0	0.18181818181818182	0.18181818181818182	0.0	0.2727272727272727	0.0	0.0	0.18181818181818182	0.18181818181818182	0.16666666666666666	0.0	0.09090909090909091	0.0	0.0	0.0	0.0	0.45454545454545453	0.09090909090909091	0.18181818181818182	0.0
CPEB2_NM_001177382	QQQ_CAGCAGCAG,AAA_GCCGCCGCC	1696	1726	1752	0.0	1.0	0.0	1.0	0.0	0.0	1.0	1.0	0.0	0.0	0.0	0.0	0.0	0.0	0.0	0.0	0.0	0.0	0.0	0.1111111111111111	0.0	0.0	0.0	0.0	3.0	0.0	0.0	0.0	0.0	0.0
CREBBP_NM_004380	QQQQ_CAGCAGCAGCAG,QQQ_CAGCAGCAG,QQQQ_CAGCAGCAGCAG	6694	6745	7119	0.0	0.0	0.14285714285714285	0.14285714285714285	0.0	0.14285714285714285	0.07142857142857142	0.07142857142857142	0.2857142857142857	0.5714285714285714	0.0	0.2857142857142857	0.07142857142857142	0.2857142857142857	0.07142857142857142	0.2857142857142857	0.0	0.2857142857142857	0.0	0.13333333333333333	0.07142857142857142	0.0	0.07142857142857142	0.07142857142857142	0.21428571428571427	0.07142857142857142	0.21428571428571427	0.0	0.14285714285714285	0.0
CRIM1_NM_016441	LLLLL_CTGCTGCTGCTGCTG	166	181	222	0.0	0.0	2.0	0.0	2.0	0.0	0.0	0.0	0.0	0.0	0.0	0.0	0.0	0.0	0.0	0.0	0.0	1.0	1.0	0.7777777777777778	0.0	0.0	0.0	0.0	4.0	3.0	0.0	0.0	1.0	0.0
CSRNP3_NM_001172173	EEEE_GAGGAGGAGGAG,EEE_GAAGAAGAA,EEEE_GAGGAGGAGGAG	1210	1249	1254	0.0	0.0	0.0	0.0	0.0	0.0	0.0	0.0	0.0	0.0	0.0	0.0	1.0	1.0	0.0	0.0	0.0	0.0	0.0	0.0	0.0	0.0	0.0	0.0	0.0	0.0	0.0	0.0	0.0	0.0
CSRNP3_NM_001172173	EEE_GAGGAGGAG	1120	1129	1179	0.0	0.0	0.0	0.0	0.0	0.0	1.0	0.0	0.0	0.0	0.0	0.0	0.0	0.0	0.0	0.0	0.0	0.0	0.0	0.0	0.0	0.0	0.0	0.0	0.0	0.0	0.0	0.0	0.0	0.0
CTNNBL1_NM_030877	EEE_GAAGAAGAA	226	235	261	3.0	8.0	0.0	0.0	0.0	0.0	0.0	0.0	0.0	0.0	1.0	3.0	2.0	0.0	0.0	0.0	5.0	5.0	1.0	0.5	0.0	1.0	0.0	0.0	0.0	0.0	0.0	4.0	2.0	0.0
DCUN1D2_NM_001014283	KKK_AAGAAGAAG	283	292	333	0.0	0.0	0.0	0.0	0.0	0.0	0.0	0.0	0.0	0.0	0.0	0.0	0.0	0.0	0.0	0.0	0.0	1.0	1.0	0.14285714285714285	0.0	0.0	0.0	0.0	0.0	0.0	0.0	0.0	1.0	0.0
DDX10_NM_004398	KKK_AAGAAGAAG	1036	1045	1176	0.0	0.0	0.0	0.0	0.0	0.25	0.0	0.25	0.5	0.25	0.5	0.25	0.0	0.25	0.0	0.0	0.0	0.0	0.25	0.1	0.25	0.0	0.0	0.5	0.25	0.25	0.0	0.0	0.25	0.0
DDX42_NM_007372	SSS_TCTTCTTCT	229	238	294	0.5	1.5	0.0	0.5	0.0	0.0	0.0	0.0	0.0	0.5	2.0	1.0	1.0	0.0	0.5	4.0	2.0	0.5	0.0	0.6666666666666666	0.5	0.0	1.5	0.0	1.0	1.0	1.0	1.5	3.5	1.5
DEPDC5_NM_001242896	LLL_CTGCTGCTG	2938	2947	3579	0.047619047619047616	0.09523809523809523	0.09523809523809523	0.047619047619047616	0.0	0.19047619047619047	0.14285714285714285	0.047619047619047616	0.38095238095238093	0.19047619047619047	0.19047619047619047	0.2857142857142857	0.047619047619047616	0.14285714285714285	0.23809523809523808	0.14285714285714285	0.0	0.0	0.38095238095238093	0.25	0.047619047619047616	0.19047619047619047	0.14285714285714285	0.3333333333333333	0.2857142857142857	0.42857142857142855	0.19047619047619047	0.047619047619047616	0.14285714285714285	0.14285714285714285
DFNA5_NM_004403	QQQ_CAGCAGCAG	1153	1162	1296	0.0	0.0	0.0	0.0	0.0	0.25	0.0	0.0	0.0	0.0	0.0	0.0	0.5	0.5	0.0	0.25	0.0	0.0	0.5	0.18181818181818182	0.0	0.0	0.5	0.0	0.0	0.0	0.0	0.25	0.0	0.0
DHX33_NM_020162	GGGG_GGAGGAGGAGGA	229	241	294	0.0	0.0	0.5	0.0	0.0	1.0	0.5	1.5	0.0	0.5	0.0	0.5	0.5	0.0	0.0	0.0	0.0	0.0	0.0	0.0	0.0	0.0	0.0	1.0	0.0	0.0	0.0	0.0	0.0	0.0
DHX58_NM_024119	QQQQ_CAGCAGCAGCAG	1261	1273	1485	0.5714285714285714	0.42857142857142855	0.5714285714285714	0.0	0.7142857142857143	0.5714285714285714	0.2857142857142857	0.14285714285714285	0.0	0.0	0.42857142857142855	0.0	0.42857142857142855	0.14285714285714285	0.42857142857142855	0.0	0.0	0.0	0.0	0.2727272727272727	0.14285714285714285	0.2857142857142857	0.7142857142857143	0.0	0.14285714285714285	0.0	0.14285714285714285	0.42857142857142855	0.0	0.14285714285714285
DIDO1_NM_033081	PPP_CCACCACCA	4666	4675	4806	1.5	0.0	0.25	0.25	0.0	0.0	0.0	0.0	0.0	0.25	0.0	0.0	0.0	0.25	0.5	0.0	0.0	0.25	0.5	0.2	0.25	0.0	0.0	0.0	0.0	0.0	0.25	0.0	0.0	0.0
DIP2C_NM_014974	AAA_GCGGCGGCG	3394	3403	3447	0.0	0.0	0.0	0.0	0.0	0.0	1.0	0.0	1.0	0.0	0.0	0.0	0.0	0.0	0.0	0.0	0.0	0.0	0.0	0.125	0.0	0.0	0.0	0.0	0.0	0.0	0.0	0.0	1.0	0.0
DMKN_NM_033317	SSS_TCCTCCTCC	1033	1042	1080	0.0	0.0	0.0	0.0	0.0	0.0	0.0	0.0	0.0	0.0	0.0	0.0	0.0	0.0	0.0	0.0	0.0	0.0	0.0	0.3333333333333333	0.0	0.0	0.0	0.0	0.0	0.0	0.0	0.0	0.0	0.0
DNAJC14_NM_032364	EEE_GAAGAAGAA	391	400	531	0.0	0.0	0.0	0.75	0.0	0.0	1.5	1.25	0.5	1.0	1.0	0.75	0.5	0.25	0.0	0.0	0.0	0.0	0.0	0.2	0.0	0.0	0.0	0.0	0.0	0.25	0.0	0.0	0.25	0.0
DNMT1_NM_001130823	TTT_ACCACCACC	2002	2011	2058	1.0	0.0	0.0	0.0	0.0	0.0	0.0	0.0	0.0	0.0	0.0	0.0	0.0	0.0	0.0	0.0	0.0	0.0	0.0	0.2222222222222222	0.0	0.0	0.0	0.0	0.0	0.0	0.0	0.0	0.0	0.0
DNMT3A_NM_175629	DDD_GACGACGAC	1684	1693	1734	0.0	0.0	0.0	0.0	0.0	0.0	0.0	0.0	0.0	1.0	0.0	0.0	0.0	0.0	0.0	0.0	0.0	0.0	0.0	0.0	0.0	0.0	0.0	0.0	0.0	0.0	0.0	0.0	0.0	0.0
DUS3L_NM_020175	GGG_GGTGGTGGT	136	145	192	3.0	0.0	0.0	0.0	1.0	0.0	0.0	0.0	0.0	0.0	0.0	0.0	0.0	0.0	0.0	0.0	0.0	0.0	0.0	0.0	0.0	1.0	0.0	0.0	0.0	0.0	0.0	0.0	0.0	0.0
DYSF_NM_001130987	QQQ_CAGCAGCAG	5482	5491	5697	0.2857142857142857	0.0	0.0	0.2857142857142857	0.14285714285714285	1.4285714285714286	0.7142857142857143	0.14285714285714285	0.2857142857142857	0.0	0.42857142857142855	0.0	0.0	0.5714285714285714	0.2857142857142857	0.2857142857142857	0.0	0.7142857142857143	0.42857142857142855	0.75	0.8571428571428571	0.42857142857142855	0.2857142857142857	0.0	0.5714285714285714	0.2857142857142857	0.0	0.0	0.7142857142857143	0.14285714285714285
ELMSAN1_NM_194278	QQQQQ_CAGCAGCAGCAGCAG,QQQQQQQQ_CAGCAGCAGCAGCAGCAGCAGCAG	841	886	915	0.5	0.0	0.0	0.0	0.0	0.0	0.0	0.0	0.5	0.0	0.0	0.0	0.0	0.0	0.0	0.0	0.0	1.0	0.0	0.16666666666666666	1.0	0.0	0.5	0.0	0.0	0.0	0.0	0.0	0.0	0.0
EML3_NM_001300793	SSS_AGCAGCAGC	478	487	552	0.0	0.0	0.0	0.0	0.0	0.5	0.0	0.0	2.0	0.0	0.0	0.0	0.0	0.0	0.0	0.0	0.0	0.0	0.0	0.0	0.0	0.0	0.0	0.0	0.0	0.0	0.0	0.0	0.5	1.0
ENAM_NM_031889	PPP_CCACCACCA	640	649	678	0.0	0.0	0.0	0.0	0.0	0.0	0.0	0.0	0.0	0.0	0.0	2.0	2.0	0.0	1.0	1.0	1.0	1.0	0.0	0.0	0.0	0.0	0.0	0.0	0.0	0.0	0.0	0.0	0.0	0.0
EP300_NM_001429	QQQQ_CAGCAGCAGCAG	6763	6775	7002	0.14285714285714285	0.0	0.42857142857142855	0.2857142857142857	0.5714285714285714	0.7142857142857143	0.42857142857142855	0.2857142857142857	0.0	0.14285714285714285	0.42857142857142855	0.5714285714285714	0.8571428571428571	0.0	0.42857142857142855	0.42857142857142855	0.0	0.0	0.0	0.0	0.0	0.2857142857142857	0.0	0.0	0.42857142857142855	0.0	0.14285714285714285	0.2857142857142857	0.0	0.14285714285714285
ESPL1_NM_012291	LLL_CTGCTGCTG	2737	2746	2838	0.0	0.0	0.0	0.0	0.0	0.0	0.3333333333333333	0.3333333333333333	0.0	0.0	0.0	0.0	0.0	0.0	0.0	0.3333333333333333	0.0	0.0	0.0	0.0	0.0	0.0	0.0	0.0	0.0	0.0	0.3333333333333333	0.0	0.0	0.0
FAM102A_NM_001035254	SSS_AGCAGCAGC	889	898	936	0.0	0.0	0.0	0.0	0.0	0.0	0.0	1.0	0.0	0.0	0.0	0.0	0.0	0.0	0.0	0.0	0.0	0.0	0.0	0.0	0.0	0.0	0.0	0.0	0.0	0.0	0.0	2.0	0.0	0.0
FAM216A_NM_013300	GGG_GGCGGCGGC	232	241	285	1.0	0.0	0.0	0.0	0.0	0.0	0.0	0.0	0.0	0.0	0.0	0.0	0.0	0.0	0.0	0.0	0.0	0.0	0.0	0.0	0.0	4.0	0.0	0.0	0.0	0.0	0.0	0.0	0.0	0.0
FAM221A_NM_199136	AAA_GCGGCGGCG	130	139	177	6.0	3.0	5.0	0.0	0.0	0.0	0.0	0.0	0.0	0.0	0.0	1.0	1.0	0.0	0.0	0.0	0.0	3.0	3.0	0.0	0.0	0.0	0.0	0.0	1.0	0.0	1.0	0.0	0.0	0.0
FAM35A_NM_019054	EEE_GAAGAAGAA	499	508	531	0.0	0.0	0.0	0.0	0.0	0.0	1.0	0.0	0.0	4.0	0.0	0.0	0.0	0.0	0.0	0.0	1.0	1.0	0.0	0.0	2.0	0.0	0.0	0.0	0.0	0.0	2.0	0.0	0.0	0.0
FAM83H_NM_198488_1	QQQ_CAGCAGCAG	1462	1471	1563	0.0	0.0	0.0	0.3333333333333333	0.0	0.0	0.0	0.0	0.0	0.0	0.0	0.0	0.0	0.0	0.0	0.6666666666666666	0.0	0.0	0.0	0.0	0.0	0.0	0.0	0.0	0.0	0.3333333333333333	0.0	0.0	0.0	0.0
FAM98B_NM_173611	GGG_GGAGGAGGA	1183	1192	1251	0.0	0.0	0.0	0.0	0.0	0.0	0.0	0.0	0.0	0.0	0.0	0.0	0.0	0.0	0.0	0.0	0.0	0.0	0.0	0.0	0.5	0.0	0.0	0.5	0.0	0.0	0.0	0.0	0.0	0.0
FAM98B_NM_173611	GGGGGGGGG_GGTGGTGGTGGTGGTGGTGGTGGTGGT	1348	1375	1392	1.0	0.0	0.0	0.0	0.0	0.0	0.0	0.0	0.0	0.0	0.0	0.0	0.0	0.0	0.0	0.0	0.0	0.0	0.0	0.2	0.0	0.0	0.0	0.0	0.0	0.0	0.0	0.0	0.0	0.0
FBN1_NM_000138	KKK_AAGAAGAAG	8554	8563	8598	0.0	0.0	0.0	0.0	0.0	0.0	0.0	0.0	0.0	0.0	0.0	0.0	0.0	2.0	3.0	3.0	2.0	0.0	0.0	0.2	0.0	0.0	0.0	0.0	0.0	1.0	0.0	0.0	0.0	0.0
FBRSL1_NM_001142641	RRRRR_CGCCGCCGCCGCCGC,EEE_GAGGAGGAG	301	340	417	0.0	0.0	0.0	0.0	0.0	0.0	0.0	0.0	0.0	0.0	0.0	0.0	0.0	1.0	0.0	0.0	0.0	0.0	0.3333333333333333	0.09090909090909091	0.3333333333333333	0.0	0.3333333333333333	0.0	0.0	0.0	0.0	0.0	0.0	0.0
FBXO21_NM_033624	LLL_CTCCTCCTC	1375	1384	1455	0.0	0.0	0.0	1.5	2.5	1.5	0.0	0.5	1.5	0.0	0.0	0.0	0.5	1.0	1.0	2.0	1.5	0.0	0.0	0.25	1.5	0.0	0.0	0.0	0.0	0.0	0.5	0.5	0.5	0.0
FBXO33_NM_203301	RRR_CGGCGGCGG	259	268	399	0.0	0.5	0.25	0.25	0.25	0.75	0.25	0.0	0.0	0.0	0.0	0.5	0.0	0.25	0.5	1.0	0.25	0.25	0.25	0.5	0.0	0.0	0.0	0.0	0.0	0.0	0.75	0.0	0.0	0.25
FOXK2_NM_004514	GGGG_GGCGGCGGCGGC	358	370	606	0.0	0.0	0.0	0.125	0.0	0.125	0.125	0.0	0.0	0.0	0.0	0.0	0.0	0.125	0.0	0.25	0.0	0.125	0.25	0.3	0.25	0.125	0.0	0.0	0.125	0.0	0.125	0.125	0.0	0.125
FUT11_NM_173540	RRR_CGCCGCCGC	709	718	924	0.2857142857142857	0.0	0.14285714285714285	0.14285714285714285	0.0	0.0	0.0	0.42857142857142855	0.0	0.14285714285714285	0.0	0.42857142857142855	0.42857142857142855	0.14285714285714285	0.0	0.8571428571428571	1.0	0.14285714285714285	0.14285714285714285	0.375	0.0	0.42857142857142855	0.14285714285714285	0.14285714285714285	0.0	0.8571428571428571	0.0	0.14285714285714285	0.0	0.42857142857142855
FZD1_NM_003505	PPPP_CCGCCGCCGCCG	364	376	591	0.0	0.0	0.0	0.14285714285714285	0.0	0.0	0.0	0.2857142857142857	0.0	0.0	0.0	0.0	0.14285714285714285	0.2857142857142857	0.0	0.0	0.0	0.14285714285714285	0.0	0.16666666666666666	0.0	0.0	0.0	0.14285714285714285	0.0	0.0	0.0	0.14285714285714285	0.14285714285714285	0.14285714285714285
GATA6_NM_005257	HHHHHHHHH_CACCACCACCACCACCACCACCACCAC	1069	1096	1485	0.3076923076923077	0.5384615384615384	0.07692307692307693	0.8461538461538461	0.15384615384615385	0.23076923076923078	0.6923076923076923	0.23076923076923078	0.23076923076923078	2.3846153846153846	0.15384615384615385	0.23076923076923078	0.5384615384615384	0.3076923076923077	1.9230769230769231	0.23076923076923078	0.38461538461538464	0.23076923076923078	0.8461538461538461	1.7619047619047619	1.6923076923076923	0.9230769230769231	0.46153846153846156	2.8461538461538463	0.5384615384615384	0.15384615384615385	2.6153846153846154	0.46153846153846156	0.5384615384615384	0.5384615384615384
GGNBP2_NM_024835_1	KKKK_AAGAAGAAGAAG	1699	1711	1734	2.0	1.0	3.0	0.0	3.0	2.0	1.0	0.0	0.0	4.0	1.0	0.0	0.0	1.0	3.0	3.0	2.0	1.0	1.0	4.0	6.0	3.0	1.0	1.0	0.0	1.0	0.0	0.0	0.0	2.0
GIGYF1_NM_022574	QQQQ_CAGCAGCAGCAG	3013	3025	3183	0.0	0.0	0.2	0.0	0.0	0.0	0.0	0.0	0.0	0.2	0.2	0.2	0.2	0.4	0.0	0.0	0.0	0.4	0.0	0.0	0.0	0.4	0.0	0.0	0.0	0.0	0.0	0.0	0.0	0.0
GIGYF2_NM_001103147	QQQQQ_CAGCAGCAGCAGCAG,LLL_CTTCTTCTT	2113	2143	2178	0.0	0.5	0.0	0.5	0.0	1.0	0.5	0.0	0.0	0.5	1.5	1.0	2.0	2.0	1.5	1.5	0.5	1.0	2.5	3.6666666666666665	0.5	1.0	0.0	0.0	0.0	0.0	0.0	0.0	0.5	1.0
GIGYF2_NM_001103147	QQQQ_CAGCAGCAGCAG,QQQQQQ_CAGCAGCAGCAGCAGCAG	3775	3811	3930	0.2	0.0	0.0	0.2	0.2	0.4	0.4	0.2	0.2	0.6	0.0	0.0	0.0	0.6	0.2	0.4	1.0	0.4	0.2	0.3333333333333333	0.4	1.6	0.0	0.6	0.4	2.0	0.4	0.6	1.0	0.0
GLIS3_NM_001042413	DDD_GACGACGAC	1561	1570	1758	0.0	0.0	0.0	0.0	0.0	0.0	0.0	0.0	0.0	0.16666666666666666	0.0	0.0	0.0	0.0	0.0	0.0	0.16666666666666666	0.0	0.0	0.0	0.0	0.0	0.0	0.0	0.0	0.16666666666666666	0.0	0.0	0.0	0.0
GMNC_NM_001146686	EEE_GAAGAAGAA	391	400	426	0.0	0.0	0.0	0.0	0.0	0.0	2.0	0.0	0.0	0.0	0.0	0.0	0.0	0.0	2.0	2.0	0.0	0.0	0.0	0.5	0.0	0.0	3.0	0.0	0.0	0.0	0.0	0.0	0.0	2.0
GPR155_NM_001033045	EEE_GAAGAAGAA	2026	2035	2115	0.0	0.0	0.0	0.0	0.0	0.0	1.0	0.0	0.0	0.0	0.5	0.5	0.0	0.5	1.0	0.0	0.0	0.0	0.0	0.09090909090909091	0.5	0.0	0.0	0.5	0.0	1.5	0.0	0.0	0.0	0.0
GPR157_NM_024980	CCCC_TGCTGCTGCTGC	982	994	1125	0.0	0.0	0.0	0.0	0.25	0.0	0.0	0.0	0.0	0.0	0.25	0.25	0.0	0.0	0.0	0.25	0.25	0.75	0.5	0.0	0.0	0.0	0.0	0.0	0.0	0.0	0.0	0.0	0.0	0.0
GTF2A1_NM_015859	QQQQ_CAGCAGCAGCAG	328	340	471	1.0	1.75	1.0	0.25	0.5	0.5	0.75	2.75	2.0	0.0	0.25	0.0	0.0	1.5	1.0	0.25	0.0	0.25	0.25	1.0	1.25	1.25	0.0	0.75	0.25	0.5	1.75	4.5	0.5	0.25
GTPBP2_NM_019096	SSS_AGCAGCAGC,KKK_AAGAAGAAG	193	232	291	0.3333333333333333	0.0	0.0	0.3333333333333333	0.3333333333333333	0.0	0.0	0.0	0.0	0.0	0.0	0.0	0.0	0.3333333333333333	0.6666666666666666	0.0	0.0	0.0	0.0	0.2	0.0	0.3333333333333333	0.0	0.3333333333333333	0.0	0.0	0.0	0.0	0.0	0.3333333333333333
GYLTL1B_NM_152312	VVV_GTGGTGGTG	1957	1966	1989	0.0	0.0	0.0	0.0	0.0	0.0	0.0	0.0	0.0	0.0	0.0	0.0	0.0	0.0	1.0	1.0	0.0	0.0	0.0	0.0	0.0	0.0	0.0	0.0	0.0	0.0	0.0	0.0	0.0	0.0
HECTD3_NM_024602	QQQ_CAGCAGCAG	589	598	783	0.3333333333333333	0.5	0.3333333333333333	0.0	0.16666666666666666	0.16666666666666666	0.0	1.1666666666666667	0.0	0.0	0.5	0.3333333333333333	0.3333333333333333	0.3333333333333333	0.8333333333333334	0.8333333333333334	0.3333333333333333	0.8333333333333334	0.6666666666666666	0.7	0.3333333333333333	0.16666666666666666	0.16666666666666666	0.0	0.0	0.3333333333333333	1.0	0.0	0.6666666666666666	0.6666666666666666
HGSNAT_NM_152419	GGG_GGAGGAGGA	877	886	936	0.0	0.0	0.0	0.0	1.0	0.0	0.0	0.0	1.0	1.0	0.0	2.0	2.0	5.0	5.0	2.0	2.0	0.0	0.0	1.4	0.0	0.0	0.0	1.0	0.0	0.0	0.0	0.0	0.0	0.0
HIRA_NM_003325	KKK_AAGAAGAAG	2017	2026	2214	0.0	0.0	0.8333333333333334	0.3333333333333333	0.3333333333333333	0.0	0.0	0.16666666666666666	0.16666666666666666	0.0	0.16666666666666666	0.0	0.5	0.3333333333333333	0.0	0.0	0.3333333333333333	0.6666666666666666	0.16666666666666666	0.09090909090909091	0.0	0.0	0.0	0.3333333333333333	0.0	0.0	0.16666666666666666	0.16666666666666666	0.3333333333333333	0.16666666666666666
HIRA_NM_003325	QQQQQ_CAGCAGCAGCAGCAG	1321	1336	1416	0.0	0.0	0.0	0.0	0.0	0.3333333333333333	0.0	0.0	0.0	0.0	0.0	0.3333333333333333	0.3333333333333333	0.0	0.0	0.0	0.0	0.3333333333333333	0.0	0.0	0.0	0.0	0.0	1.0	0.6666666666666666	1.0	0.0	0.3333333333333333	0.0	0.0
HLA-DMA_NM_006120	FFF_TTCTTCTTC	304	313	360	0.0	0.0	2.0	1.0	0.0	0.0	2.0	1.0	0.0	0.0	3.0	1.0	0.0	0.0	1.0	3.0	4.0	3.0	1.0	1.0	1.0	4.0	3.0	0.0	3.0	3.0	4.0	1.0	0.0	1.0
HNRNPUL1_NM_007040	PPP_CCACCACCA	2434	2443	2541	0.0	0.0	0.0	1.3333333333333333	0.3333333333333333	0.3333333333333333	0.0	0.6666666666666666	0.0	0.0	0.0	0.0	1.0	0.0	0.0	0.0	0.0	0.0	0.3333333333333333	0.375	0.3333333333333333	0.3333333333333333	0.0	1.0	0.3333333333333333	0.0	0.6666666666666666	6.0	0.6666666666666666	0.3333333333333333
HOOK2_NM_013312	LLLL_CTGCTGCTGCTG	811	823	885	0.0	0.0	0.0	0.0	0.0	0.0	0.0	0.0	0.0	0.5	0.0	0.0	0.0	0.0	2.5	0.0	1.0	0.0	0.0	0.3333333333333333	0.0	0.0	0.0	0.0	0.0	0.0	0.0	0.0	0.0	0.0
HPS5_NM_181507	GGG_GGAGGAGGA	256	265	357	1.6666666666666667	0.0	0.6666666666666666	0.0	0.0	0.0	1.0	0.6666666666666666	0.6666666666666666	0.6666666666666666	1.3333333333333333	1.3333333333333333	0.0	0.0	0.0	0.0	0.3333333333333333	2.3333333333333335	0.6666666666666666	0.8333333333333334	1.0	0.0	0.0	0.6666666666666666	0.0	0.0	0.3333333333333333	1.0	0.6666666666666666	0.6666666666666666
HRG_NM_000412	HHH_CATCATCAT	955	964	1008	7.0	2.0	4.0	7.0	23.0	24.0	426.0	26.0	497.0	74.0	52.0	36.0	65.0	82.0	62.0	109.0	73.0	9.0	16.0	84.25	266.0	87.0	58.0	427.0	24.0	45.0	165.0	30.0	18.0	76.0
HSD11B2_NM_000196	RRR_CGCCGCCGC	1102	1111	1167	0.0	0.0	0.0	0.0	0.0	0.5	1.0	0.0	0.0	0.0	0.0	0.0	0.0	0.0	0.0	0.0	0.0	0.5	0.0	0.0	0.5	0.0	0.0	0.0	0.5	0.0	1.0	0.0	0.0	0.0
HUWE1_NM_031407	SSS_AGCAGCAGC	7876	7885	7935	1.0	0.0	0.0	0.0	0.0	0.0	0.0	0.0	1.0	0.0	0.0	0.0	0.0	0.0	0.0	0.0	0.0	0.0	0.0	0.4	0.0	2.0	0.0	0.0	0.0	1.0	0.0	0.0	0.0	3.0
IFI16_NM_001206567	III_ATCATCATC	703	712	735	0.0	1.0	0.0	0.0	1.0	2.0	0.0	2.0	4.0	1.0	0.0	0.0	0.0	0.0	0.0	0.0	0.0	1.0	1.0	0.0	2.0	0.0	0.0	0.0	2.0	0.0	0.0	0.0	0.0	0.0
INTS1_NM_001080453	SSS_AGCAGCAGC	2572	2581	2718	1.0	0.25	1.75	1.25	0.25	0.0	0.25	0.25	1.0	0.25	0.0	0.0	0.0	0.0	0.0	0.0	0.0	0.0	0.0	0.08333333333333333	0.0	0.25	0.0	0.0	0.5	0.5	0.25	0.5	1.0	2.25
INTS1_NM_001080453	LLL_CTGCTGCTG,EEE_GAGGAGGAG	4855	4876	5421	0.1111111111111111	0.2222222222222222	0.16666666666666666	0.4444444444444444	0.3333333333333333	0.1111111111111111	0.05555555555555555	0.1111111111111111	0.4444444444444444	0.1111111111111111	0.3333333333333333	0.2777777777777778	0.05555555555555555	0.16666666666666666	0.3888888888888889	0.16666666666666666	0.1111111111111111	0.2222222222222222	0.3888888888888889	0.07692307692307693	0.1111111111111111	0.16666666666666666	0.4444444444444444	0.0	0.3888888888888889	0.4444444444444444	0.16666666666666666	0.2222222222222222	0.16666666666666666	0.0
ISY1-RAB43_NM_001204890	EEE_GAGGAGGAG	709	718	855	0.25	0.25	1.5	0.0	0.0	0.5	0.0	0.0	0.0	0.0	0.0	0.0	0.25	0.25	1.0	0.0	0.5	0.0	0.25	0.08333333333333333	0.0	0.75	0.5	0.0	0.25	0.25	0.0	0.0	0.0	0.0
ISY1-RAB43_NM_001204890	EEE_GAGGAGGAG	754	763	855	0.0	0.0	0.0	0.0	0.0	0.0	0.0	0.0	0.3333333333333333	0.0	0.6666666666666666	0.6666666666666666	0.0	0.6666666666666666	0.0	0.3333333333333333	0.3333333333333333	0.0	0.0	0.16666666666666666	0.0	0.6666666666666666	0.3333333333333333	0.6666666666666666	0.0	0.0	0.3333333333333333	0.3333333333333333	0.0	0.0
JADE2_NM_001289985	PPPPP_CCACCACCACCACCA	2095	2110	2292	0.0	0.16666666666666666	0.0	0.0	0.3333333333333333	0.0	0.0	0.0	0.0	0.0	0.0	0.16666666666666666	0.3333333333333333	0.0	0.0	0.0	0.3333333333333333	0.0	0.16666666666666666	0.0	0.0	0.16666666666666666	0.0	0.3333333333333333	0.16666666666666666	0.0	0.16666666666666666	0.0	0.0	0.16666666666666666
JMJD1C_NM_032776	QQQ_CAACAACAA	2593	2602	2664	0.5	0.0	0.0	0.5	0.0	0.0	0.0	0.5	0.5	0.5	1.5	0.0	0.5	2.0	2.5	1.0	0.0	0.0	0.0	0.0	0.5	0.0	0.0	0.5	0.5	0.0	1.0	0.5	0.0	0.5
KAT6A_NM_006766	QQQQ_CAGCAGCAGCAG	5038	5050	5217	0.0	0.0	0.2	0.0	0.0	0.0	0.0	0.0	0.2	0.0	0.0	0.0	0.0	1.2	0.6	0.2	0.0	0.0	0.0	0.0	0.2	0.0	0.2	0.4	0.0	0.0	0.0	0.0	0.0	0.0
KIAA0355_NM_014686	QQQ_CAGCAGCAG	2257	2266	2448	0.3333333333333333	0.0	0.0	0.16666666666666666	0.6666666666666666	0.0	0.0	0.0	0.16666666666666666	0.0	0.0	0.0	0.0	0.0	0.0	0.16666666666666666	0.16666666666666666	0.0	0.0	0.4444444444444444	0.0	0.0	0.0	0.16666666666666666	0.5	0.0	0.16666666666666666	0.16666666666666666	0.16666666666666666	0.0
KIAA1211L_NM_207362	AAA_GCCGCCGCC	1699	1708	1941	0.0	0.0	0.0	0.0	0.0	0.0	0.0	0.0	0.0	0.0	0.0	0.0	0.0	0.0	0.0	0.0	0.0	0.0	0.0	0.0	0.0	0.0	0.0	0.0	0.0	0.0	0.0	0.0	0.0	0.0
KIAA1522_NM_020888	KKK_AAGAAGAAG	238	247	351	0.0	0.0	0.0	0.0	0.0	0.0	0.0	0.0	0.0	0.0	0.0	0.0	0.0	0.0	0.0	0.6666666666666666	0.6666666666666666	0.0	0.3333333333333333	0.2	0.3333333333333333	0.0	0.0	0.0	0.0	0.0	0.0	0.0	0.0	0.0
KLHL7_NM_001031710	KKK_AAGAAGAAG	130	139	174	0.0	0.0	0.0	1.0	0.0	0.0	1.0	0.0	1.0	0.0	0.0	0.0	0.0	0.0	0.0	0.0	1.0	1.0	0.0	0.2	0.0	0.0	0.0	2.0	0.0	0.0	1.0	1.0	0.0	0.0
KMT2D_NM_003482	QQQQQ_CAGCAGCAGCAGCAG,QQQQQQQ_CAGCAGCAGCAGCAGCAGCAG	11800	11857	12132	0.0	0.0	0.0	0.0	0.0	0.09090909090909091	0.0	0.09090909090909091	0.09090909090909091	0.0	0.0	0.09090909090909091	0.18181818181818182	0.0	0.09090909090909091	0.09090909090909091	0.09090909090909091	0.2727272727272727	0.2727272727272727	0.0	0.09090909090909091	0.09090909090909091	0.0	0.0	0.0	0.0	0.0	0.09090909090909091	0.09090909090909091	0.0
KMT2D_NM_003482	IIII_ATCATCATCATC	16579	16591	16632	0.0	0.0	0.0	0.0	0.0	0.0	0.0	0.0	0.0	0.0	0.0	0.0	0.0	0.0	0.0	0.0	0.0	0.0	0.0	0.0	0.0	0.0	0.0	0.0	0.0	0.0	0.0	0.0	1.0	0.0
KMT2D_NM_003482	QQQ_CAGCAGCAG	11368	11377	12132	0.0	0.12	0.12	0.08	0.04	0.04	0.08	0.08	0.2	0.04	0.08	0.0	0.0	0.04	0.08	0.0	0.08	0.08	0.08	0.1724137931034483	0.08	0.0	0.0	0.08	0.0	0.04	0.04	0.04	0.04	0.0
LDB2_NM_001290	KKK_AAGAAGAAG	943	952	993	0.0	0.0	0.0	0.0	1.0	0.0	0.0	0.0	1.0	0.0	0.0	0.0	0.0	0.0	0.0	0.0	0.0	0.0	2.0	1.0	0.0	0.0	0.0	0.0	0.0	0.0	1.0	0.0	0.0	0.0
LENG8_NM_052925	QQQQ_CAGCAGCAGCAG	343	355	549	0.5	0.5	0.3333333333333333	0.6666666666666666	0.16666666666666666	0.16666666666666666	0.0	0.0	0.16666666666666666	0.6666666666666666	1.8333333333333333	0.16666666666666666	0.0	0.16666666666666666	0.3333333333333333	0.5	0.3333333333333333	0.16666666666666666	0.0	0.14285714285714285	0.3333333333333333	0.16666666666666666	0.0	0.0	0.3333333333333333	0.0	0.0	0.16666666666666666	0.0	0.16666666666666666
LILRB2_NM_005874_3	LLLLLLL_CTCCTCCTCCTCCTCCTCCTC	1516	1537	1599	0.0	0.0	1.0	0.5	0.0	0.0	0.0	0.0	0.0	0.0	0.0	0.0	0.0	0.0	0.0	0.0	0.5	0.5	0.0	0.1111111111111111	0.0	0.0	0.5	0.0	0.0	0.0	0.0	0.0	0.0	0.0
LMCD1_NM_014583	RRR_CGCCGCCGC	556	565	594	0.0	0.0	0.0	1.0	0.0	1.0	0.0	1.0	0.0	0.0	1.0	1.0	1.0	0.0	0.0	0.0	0.0	0.0	0.0	0.0	0.0	0.0	0.0	0.0	0.0	0.0	0.0	0.0	0.0	0.0
LONRF1_NM_152271	AAA_GCCGCCGCC	646	655	831	0.0	0.16666666666666666	0.0	0.16666666666666666	0.0	0.0	0.0	0.0	0.16666666666666666	0.0	0.0	0.0	0.0	0.0	0.16666666666666666	0.0	0.0	0.0	0.16666666666666666	0.2857142857142857	0.0	0.0	0.5	0.0	0.16666666666666666	0.16666666666666666	0.5	0.0	0.16666666666666666	0.16666666666666666
LRP1B_NM_018557	NNN_AACAACAAC	10552	10561	10587	0.0	0.0	0.0	0.0	0.0	0.0	0.0	0.0	0.0	0.0	0.0	0.0	0.0	0.0	0.0	0.0	0.0	0.0	0.0	0.0	0.0	0.0	0.0	0.0	0.0	0.0	0.0	0.0	0.0	0.0
LYST_NM_001301365	EEE_GAGGAGGAG	199	208	288	0.0	0.5	0.0	0.0	0.0	0.5	1.0	0.0	0.0	0.0	0.0	0.5	0.5	0.0	0.0	0.5	0.0	0.5	1.0	0.0	0.0	0.0	0.0	0.0	0.0	0.0	0.0	0.0	0.0	0.0
MAGI1_NM_001033057	QQQQQ_CAGCAGCAGCAGCAG,QQQ_CAGCAGCAG,QQQQQQQQQQ_CAGCAGCAGCAGCAGCAGCAGCAGCAGCAG	1303	1363	1494	1.5	0.0	0.0	1.1666666666666667	0.5	0.5	0.3333333333333333	0.16666666666666666	0.3333333333333333	0.6666666666666666	0.0	0.0	0.0	1.1666666666666667	0.0	0.0	0.0	0.8333333333333334	0.8333333333333334	0.2222222222222222	0.16666666666666666	0.0	0.0	0.0	0.0	0.3333333333333333	0.5	0.0	0.16666666666666666	0.3333333333333333
MAML2_NM_032427	QQQQQQQQQQQQQ_CAGCAGCAGCAGCAGCAGCAGCAGCAGCAGCAGCAGCAG,QQQQQ_CAGCAGCAGCAGCAG	1879	1936	2289	0.15384615384615385	0.15384615384615385	0.07692307692307693	0.0	0.0	0.0	0.0	0.0	0.0	0.0	0.0	0.0	0.07692307692307693	0.07692307692307693	0.0	0.0	0.0	0.0	0.0	0.0	0.07692307692307693	0.07692307692307693	0.0	0.0	0.0	0.07692307692307693	0.15384615384615385	0.0	0.0	0.0
MAP4K4_NM_145686	QQQ_CAGCAGCAG	1546	1555	1587	0.0	0.0	0.0	0.0	1.0	0.0	1.0	1.0	0.0	0.0	0.0	0.0	0.0	0.0	0.0	0.0	0.0	0.0	0.0	0.75	0.0	0.0	0.0	0.0	0.0	0.0	1.0	2.0	0.0	0.0
MAPK8IP3_NM_015133	KKK_AAGAAGAAG	1798	1807	1992	0.0	0.0	0.3333333333333333	0.0	0.0	0.0	0.3333333333333333	0.0	0.0	0.16666666666666666	0.0	0.0	0.0	0.0	0.0	0.0	0.0	0.0	0.0	0.0	0.0	0.0	0.0	0.0	0.0	0.0	0.0	0.0	0.0	0.0
MAST4_NM_001164664	PPPPPP_CCGCCGCCGCCGCCGCCG	286	304	468	0.0	0.0	0.0	0.0	0.0	0.0	0.0	0.0	0.0	0.0	0.0	0.0	0.0	0.16666666666666666	0.0	0.0	0.0	0.0	0.0	0.0	0.0	0.0	0.16666666666666666	0.0	0.0	0.0	0.16666666666666666	0.0	0.0	0.0
MAST4_NM_001164664	PPP_CCGCCGCCG	385	394	468	0.0	0.0	0.0	0.0	0.5	0.0	0.0	0.0	0.0	0.0	0.0	0.0	0.0	0.0	0.0	0.0	0.0	0.0	0.0	0.0	0.0	0.0	0.0	0.0	0.0	0.0	0.0	0.5	0.0	0.0
MBD2_NM_003927	GGG_GGCGGCGGC,GGGG_GGCGGCGGCGGC,GGG_GGCGGCGGC	421	460	654	0.0	0.14285714285714285	0.0	0.0	0.42857142857142855	0.2857142857142857	0.0	0.0	0.0	0.0	0.0	0.0	0.14285714285714285	0.14285714285714285	0.2857142857142857	2.142857142857143	0.14285714285714285	0.42857142857142855	0.5714285714285714	1.5	0.2857142857142857	0.42857142857142855	0.0	0.5714285714285714	0.14285714285714285	1.2857142857142858	1.0	0.2857142857142857	0.7142857142857143	0.14285714285714285
MCU_NM_138357	QQQ_CAGCAGCAG	229	238	318	0.0	0.5	0.0	0.0	2.5	0.0	0.0	0.5	0.0	0.0	0.0	0.0	0.0	0.0	0.5	0.5	0.0	1.0	0.0	0.0	0.0	0.0	0.0	0.5	0.5	0.0	0.0	0.5	0.0	0.0
MED12_NM_005120	QQQ_CAGCAGCAG	6535	6544	6591	0.0	0.0	0.0	0.0	0.0	0.0	0.0	0.0	0.0	0.0	0.0	0.0	0.0	0.0	0.0	0.0	0.0	0.0	3.0	0.4444444444444444	0.0	0.0	0.0	0.0	0.0	0.0	0.0	0.0	0.0	0.0
MED12_NM_005120	QQQQQ_CAGCAGCAGCAGCAG,QQQQQ_CAGCAGCAGCAGCAG,QQQQQQQ_CAGCAGCAGCAGCAGCAGCAG,QQQQQQ_CAGCAGCAGCAGCAGCAG,QQQ_CAGCAGCAG,QQQQQQQ_CAGCAGCAGCAGCAGCAGCAG,QQQQ_CAGCAGCAGCAG	6250	6427	6591	0.09090909090909091	0.18181818181818182	0.0	0.0	0.0	0.2727272727272727	0.0	0.36363636363636365	0.09090909090909091	0.18181818181818182	0.0	0.0	0.2727272727272727	0.09090909090909091	0.0	0.0	0.0	0.18181818181818182	0.0	0.2857142857142857	0.0	0.09090909090909091	0.0	0.0	0.0	0.0	0.0	0.0	0.0	0.0
MED15_NM_001003891	QQQQQQQQQQQQ_CAGCAGCAGCAGCAGCAGCAGCAGCAGCAGCAGCAG	850	886	1536	0.18181818181818182	0.36363636363636365	0.22727272727272727	0.045454545454545456	0.22727272727272727	0.09090909090909091	0.045454545454545456	0.2727272727272727	0.09090909090909091	0.09090909090909091	0.09090909090909091	0.09090909090909091	0.22727272727272727	0.8636363636363636	0.36363636363636365	0.2727272727272727	0.22727272727272727	0.0	0.18181818181818182	0.03333333333333333	0.4090909090909091	0.09090909090909091	0.22727272727272727	0.18181818181818182	0.6818181818181818	0.2727272727272727	0.36363636363636365	0.13636363636363635	0.3181818181818182	0.09090909090909091
MED15_NM_001003891	QQQQQ_CAGCAGCAGCAGCAG,QQQQQQQQ_CAGCAGCAGCAGCAGCAGCAGCAG	712	754	765	2.0	0.0	0.0	0.0	0.0	0.0	0.0	1.0	0.0	0.0	2.0	3.0	1.0	0.0	0.0	0.0	0.0	0.0	0.0	0.0	0.0	0.0	0.0	0.0	1.0	0.0	0.0	0.0	2.0	0.0
MEGF8_NM_001271938	LLLL_CTGCTGCTGCTG	7939	7951	8040	0.0	0.0	0.3333333333333333	0.0	0.0	0.0	0.0	0.0	0.3333333333333333	0.0	0.0	0.0	0.0	0.0	0.6666666666666666	0.0	0.0	0.0	0.0	0.0	0.0	0.0	0.0	0.0	0.0	0.0	0.0	0.3333333333333333	0.0	0.0
MEX3C_NM_016626	EEEE_GAGGAGGAGGAG,EEE_GAGGAGGAG,LLLL_CTGCTGCTGCTG	475	532	861	0.0	0.0	0.0	0.08333333333333333	0.0	0.08333333333333333	0.0	0.25	0.0	0.16666666666666666	0.0	0.4166666666666667	0.0	0.08333333333333333	0.0	0.0	0.0	0.0	0.0	0.05	0.0	0.0	0.16666666666666666	0.08333333333333333	0.0	0.25	0.0	0.25	0.08333333333333333	0.4166666666666667
MIB2_NM_080875	LLL_CTGCTGCTG	664	673	720	0.0	0.0	0.0	0.0	0.0	0.0	0.0	0.0	0.0	1.0	0.0	0.0	0.0	0.0	0.0	0.0	0.0	0.0	0.0	0.0	0.0	0.0	0.0	0.0	0.0	0.0	0.0	0.0	0.0	0.0
MINK1_NM_153827	EEE_GAGGAGGAG	1414	1423	1644	0.0	0.0	0.2857142857142857	0.0	0.0	0.14285714285714285	0.14285714285714285	0.5714285714285714	0.0	0.0	0.14285714285714285	0.14285714285714285	0.0	0.5714285714285714	0.42857142857142855	0.0	0.0	0.2857142857142857	0.0	0.15384615384615385	0.14285714285714285	0.2857142857142857	0.0	0.0	0.0	0.0	0.14285714285714285	0.2857142857142857	1.0	0.0
MINK1_NM_153827	QQQQ_CAGCAGCAGCAG,QQQQQ_CAGCAGCAGCAGCAG	1210	1240	1644	0.0	0.14285714285714285	0.21428571428571427	0.21428571428571427	0.07142857142857142	0.07142857142857142	0.5714285714285714	0.21428571428571427	0.0	0.14285714285714285	0.14285714285714285	0.0	0.14285714285714285	0.35714285714285715	0.07142857142857142	0.07142857142857142	0.2857142857142857	0.14285714285714285	0.14285714285714285	0.1111111111111111	0.21428571428571427	0.0	0.0	0.21428571428571427	0.5	0.07142857142857142	0.0	0.0	0.07142857142857142	0.14285714285714285
MIOS_NM_019005	AAA_GCTGCTGCT	1669	1678	1728	0.0	0.0	0.0	0.0	0.0	0.0	0.0	0.0	0.0	0.0	0.0	0.0	0.0	0.0	0.0	1.0	1.0	2.0	2.0	0.1	0.0	1.0	0.0	0.0	0.0	0.0	2.0	1.0	0.0	1.0
MORC3_NM_015358	VVV_GTTGTTGTT	526	535	573	0.0	0.0	0.0	0.0	0.0	1.0	0.0	0.0	0.0	0.0	0.0	0.0	0.0	0.0	0.0	2.0	2.0	0.0	3.0	0.6666666666666666	0.0	0.0	2.0	0.0	4.0	1.0	19.0	3.0	0.0	0.0
MSTO1_NM_018116	QQQ_CAGCAGCAG	1465	1474	1740	0.0	0.0	0.4444444444444444	0.0	0.1111111111111111	0.0	0.0	0.1111111111111111	0.0	0.0	0.4444444444444444	0.0	0.0	0.0	0.0	0.0	0.1111111111111111	0.1111111111111111	0.0	0.1	0.1111111111111111	0.0	0.0	0.0	0.0	0.0	0.0	0.0	0.0	0.0
MYNN_NM_001185118	KKKK_AAGAAGAAGAAG	640	652	684	0.0	0.0	0.0	0.0	0.0	0.0	2.0	0.0	2.0	0.0	0.0	0.0	0.0	0.0	0.0	0.0	0.0	0.0	0.0	0.0	0.0	1.0	1.0	0.0	1.0	3.0	2.0	0.0	0.0	0.0
NAA16_NM_024561	EEE_GAAGAAGAA	1924	1933	1989	0.0	0.0	0.0	0.0	0.0	0.0	0.0	0.0	0.5	0.0	0.0	0.0	0.0	0.0	0.0	0.0	0.5	0.0	0.0	0.0	0.0	0.0	0.5	0.0	0.0	0.0	0.0	0.0	0.0	0.0
NAV2_NM_001244963	KKKK_AAGAAGAAGAAG	5569	5581	5676	0.0	0.0	0.3333333333333333	0.6666666666666666	0.0	0.0	0.0	0.6666666666666666	0.0	0.0	1.0	0.0	0.0	0.0	0.0	1.3333333333333333	1.6666666666666667	0.3333333333333333	0.3333333333333333	0.375	1.3333333333333333	0.6666666666666666	0.3333333333333333	0.0	0.0	0.3333333333333333	0.6666666666666666	0.0	1.3333333333333333	0.3333333333333333
NCOR2_NM_006312	RRR_CGGCGGCGG	1060	1069	1116	0.0	0.0	0.0	0.0	0.0	0.0	0.0	0.0	0.0	0.0	0.0	0.0	0.0	0.0	0.0	0.0	0.0	0.0	1.0	0.4444444444444444	0.0	0.0	0.0	0.0	0.0	3.0	0.0	0.0	0.0	0.0
NEDD4L_NM_001144967	PPPP_CCTCCTCCTCCT	670	682	807	1.0	0.25	1.0	0.5	0.0	0.0	0.0	0.25	0.0	0.0	0.0	0.25	0.25	0.25	0.0	0.0	0.0	0.75	0.25	1.0	0.0	0.0	0.0	0.0	0.0	0.0	0.0	0.0	0.0	0.0
NEK8_NM_178170	EEE_GAGGAGGAG	400	409	510	0.0	0.0	0.0	0.0	0.3333333333333333	0.0	0.0	0.0	0.0	0.0	0.0	0.0	0.0	0.0	0.0	0.0	0.0	0.0	0.0	0.0	0.0	0.0	0.0	0.0	0.0	0.0	0.0	0.0	0.0	0.0
NELFB_NM_015456	AAA_GCGGCGGCG	178	187	219	0.0	0.0	0.0	0.0	0.0	0.0	0.0	0.0	0.0	0.0	1.0	0.0	0.0	1.0	1.0	0.0	0.0	0.0	0.0	0.0	0.0	0.0	0.0	0.0	0.0	2.0	0.0	1.0	0.0	0.0
NFAT5_NM_138713	QQQQQ_CAGCAGCAGCAGCAG,QQQ_CAGCAGCAG,QQQ_CAGCAGCAG,QQQ_CAACAACAA	3901	3949	3969	0.0	0.0	0.0	0.0	0.0	0.0	0.0	0.0	0.0	0.0	0.0	0.0	0.0	0.0	0.0	0.0	0.0	0.0	0.0	0.25	0.0	1.0	0.0	0.0	0.0	0.0	1.0	0.5	0.0	0.0
NFIX_NM_001271043	HHHH_CACCACCACCAC	1297	1309	1389	0.0	0.0	0.0	0.0	0.0	0.0	0.0	0.0	0.0	0.0	0.0	0.3333333333333333	1.6666666666666667	1.3333333333333333	0.6666666666666666	1.0	0.0	0.0	0.6666666666666666	0.0	0.0	0.0	0.0	0.0	0.0	0.0	0.0	0.3333333333333333	0.3333333333333333	0.0
NHSL1_NM_020464	EEE_GAAGAAGAA	601	610	636	0.0	0.0	0.0	0.0	2.0	0.0	0.0	0.0	0.0	1.0	0.0	1.0	1.0	2.0	3.0	2.0	2.0	1.0	1.0	1.0	0.0	0.0	0.0	0.0	0.0	0.0	0.0	0.0	1.0	2.0
NLRC5_NM_032206	QQQ_CAGCAGCAG	4354	4363	4437	0.0	0.0	0.0	0.0	0.0	0.0	0.0	0.0	0.0	0.0	0.0	0.0	0.0	0.0	0.0	0.0	0.0	0.0	0.0	0.0	0.0	0.0	0.0	0.0	0.0	0.0	0.5	0.0	0.5	0.0
NLRP3_NM_004895	TTT_ACCACCACC	1411	1420	1554	0.0	0.0	0.0	0.0	0.0	0.0	0.0	0.0	0.0	0.0	0.0	0.0	0.0	0.0	0.0	0.0	0.0	0.0	0.0	0.0	0.0	0.0	0.0	0.25	0.0	0.0	0.0	0.0	0.0	0.0
NOP9_NM_174913	EEE_GAGGAGGAG	1477	1486	1773	0.1111111111111111	0.2222222222222222	0.5555555555555556	0.5555555555555556	0.0	0.0	0.3333333333333333	0.3333333333333333	0.1111111111111111	0.2222222222222222	0.2222222222222222	0.0	0.3333333333333333	0.8888888888888888	0.2222222222222222	0.4444444444444444	0.2222222222222222	0.0	0.1111111111111111	0.058823529411764705	0.1111111111111111	0.3333333333333333	0.1111111111111111	0.6666666666666666	0.6666666666666666	0.4444444444444444	0.2222222222222222	0.2222222222222222	1.2222222222222223	0.0
NPC1L1_NM_013389	FFF_TTCTTCTTC	3892	3901	3984	1.0	0.0	1.6666666666666667	0.0	0.0	0.0	0.3333333333333333	0.0	0.0	2.3333333333333335	0.0	0.3333333333333333	0.6666666666666666	0.3333333333333333	0.3333333333333333	0.3333333333333333	0.6666666666666666	0.3333333333333333	0.3333333333333333	0.0	1.0	0.0	0.3333333333333333	0.0	0.3333333333333333	0.6666666666666666	0.0	1.3333333333333333	0.3333333333333333	0.0
NPIPB8_NM_001310136	RRR_CGGCGGCGG	727	736	864	0.0	0.0	0.0	0.0	0.0	0.0	0.25	0.5	0.0	0.0	0.25	0.0	0.0	0.0	0.0	0.0	0.0	0.0	0.25	0.0	0.0	0.0	0.0	0.0	0.0	0.0	0.25	0.0	0.0	0.0
NUFIP1_NM_012345	PPP_CCACCACCA	238	247	291	0.0	0.0	0.0	0.0	1.0	0.0	0.0	0.0	0.0	0.0	0.0	0.0	0.0	0.0	0.0	0.0	0.0	0.0	0.0	0.25	0.0	0.0	0.0	0.0	0.0	0.0	0.0	0.0	0.0	0.0
NUP54_NM_017426	QQQQ_CAGCAGCAGCAG	376	388	498	0.25	0.25	0.5	0.25	0.5	0.0	0.0	1.0	0.75	0.25	0.0	1.0	2.5	0.5	0.0	0.25	0.0	0.5	0.75	4.0	0.25	0.5	0.0	1.25	0.0	1.0	0.5	0.75	3.0	0.25
ONECUT2_NM_004852	GGG_GGCGGCGGC,GGG_GGCGGCGGC,GGG_GGCGGCGGC	208	256	273	0.0	1.0	3.5	0.5	0.5	4.0	1.0	1.0	0.0	0.0	0.5	0.0	0.0	0.0	0.0	0.0	0.5	0.0	0.0	0.0	0.0	0.0	0.0	0.0	0.0	0.0	0.0	0.0	0.0	0.0
PAXIP1_NM_007349	QQQQ_CAGCAGCAGCAG,PPP_CCACCACCA	1822	1852	1884	0.0	0.5	0.0	0.0	0.5	0.0	0.5	0.0	0.0	0.0	0.0	0.0	0.0	0.0	0.0	0.0	0.0	0.0	0.0	0.0	0.0	0.0	0.0	0.5	0.0	0.0	0.0	0.0	0.0	0.0
PAXIP1_NM_007349	QQQQQ_CAGCAGCAGCAGCAG	1453	1468	1884	0.14285714285714285	0.0	0.07142857142857142	0.2857142857142857	0.0	0.14285714285714285	0.0	0.07142857142857142	0.0	0.0	0.0	0.0	0.07142857142857142	0.0	0.07142857142857142	0.0	0.0	0.14285714285714285	0.07142857142857142	0.0	0.07142857142857142	0.0	0.0	0.0	0.07142857142857142	0.07142857142857142	0.07142857142857142	0.0	0.14285714285714285	0.14285714285714285
PAXIP1_NM_007349	QQQQQQQ_CAGCAGCAGCAGCAGCAGCAG	1381	1402	1884	0.0625	0.0	0.0	0.125	0.0625	0.25	0.0	0.125	0.0	0.0625	0.0	0.0	0.0	0.0625	0.0	0.0625	0.0	0.0	0.1875	0.0	0.0625	0.0	0.0	0.0	0.125	0.0625	0.0	0.125	0.1875	0.0
PCNT_NM_006031	EEE_GAGGAGGAG	8107	8116	8325	0.14285714285714285	0.0	0.0	0.0	0.0	0.0	0.14285714285714285	0.0	0.0	0.0	0.0	0.0	0.0	0.0	0.14285714285714285	0.0	0.0	0.0	0.14285714285714285	0.2222222222222222	0.0	0.14285714285714285	0.0	0.0	0.0	0.0	0.0	0.14285714285714285	0.0	0.14285714285714285
PDLIM2_NM_021630	GGG_GGCGGCGGC	379	388	462	0.0	0.0	0.0	0.0	0.0	0.0	0.0	0.0	0.0	0.0	0.0	0.0	0.0	0.0	0.0	0.0	0.0	0.0	0.0	0.0	0.0	0.0	1.0	0.5	0.0	0.0	0.0	0.0	1.0	0.0
PGRMC2_NM_006320	GGGG_GGAGGAGGAGGA	142	154	186	0.0	0.0	0.0	0.0	0.0	0.0	0.0	0.0	0.0	0.0	1.0	3.0	5.0	2.0	0.0	0.0	4.0	6.0	3.0	35.2	2.0	5.0	8.0	4.0	4.0	3.0	4.0	5.0	4.0	23.0
PHF19_NM_001286840	KKKK_AAGAAGAAGAAG	1147	1159	1218	0.0	0.0	0.0	0.0	0.0	0.0	0.5	0.0	0.0	0.0	0.0	0.0	0.0	0.0	0.0	0.0	0.0	0.0	0.0	0.0	0.0	0.0	0.0	0.0	0.0	0.0	0.0	0.0	0.0	0.0
PHF2_NM_005392	KKK_AAGAAGAAG	286	295	333	0.0	0.0	0.0	0.0	0.0	1.0	0.0	0.0	0.0	0.0	0.0	0.0	0.0	0.0	0.0	0.0	0.0	0.0	0.0	0.16666666666666666	0.0	0.0	0.0	0.0	0.0	0.0	0.0	0.0	0.0	0.0
PIEZO1_NM_001142864	LLLL_CTGCTGCTGCTG	2905	2917	3297	0.23076923076923078	0.15384615384615385	0.0	0.0	0.0	0.38461538461538464	0.0	0.07692307692307693	0.07692307692307693	0.3076923076923077	0.15384615384615385	0.0	0.0	0.0	0.0	0.15384615384615385	0.0	0.0	0.0	0.0	0.0	0.6923076923076923	0.0	0.0	0.15384615384615385	0.15384615384615385	0.0	0.23076923076923078	0.0	0.07692307692307693
PIP4K2A_NM_005028	EEE_GAGGAGGAG	994	1003	1047	0.0	0.0	0.0	0.0	0.0	0.0	0.0	0.0	0.0	0.0	0.0	0.0	3.0	3.0	0.0	0.0	1.0	1.0	1.0	0.125	0.0	1.0	0.0	0.0	0.0	0.0	0.0	0.0	0.0	0.0
PITPNM3_NM_031220	SSS_AGCAGCAGC	964	973	1071	0.0	0.3333333333333333	0.0	0.0	0.3333333333333333	0.0	0.0	0.0	0.0	0.3333333333333333	0.0	0.0	0.0	0.0	0.0	0.0	0.0	0.0	0.0	0.0	0.0	0.0	0.3333333333333333	0.3333333333333333	0.0	0.3333333333333333	0.0	0.0	0.0	0.0
PKD1_NM_001009944	LLL_CTGCTGCTG	7633	7642	7881	0.125	0.0	0.125	0.0	0.0	0.0	0.0	0.125	0.25	0.125	0.125	0.125	0.0	0.0	0.0	0.0	0.25	0.125	0.0	0.0	0.0	0.0	0.125	0.0	0.0	0.0	0.0	0.0	0.0	0.125
PLCB3_NM_000932	QQQ_CAGCAGCAG	3559	3568	3771	0.2857142857142857	0.14285714285714285	0.0	0.0	0.0	0.0	0.14285714285714285	0.14285714285714285	0.0	0.0	0.14285714285714285	0.0	0.0	0.14285714285714285	0.14285714285714285	0.14285714285714285	0.0	0.14285714285714285	0.0	0.0	0.2857142857142857	0.0	0.0	0.0	0.0	0.0	0.0	0.0	0.0	0.0
PLEC_NM_201380	QQQ_CAGCAGCAG	5353	5362	5499	0.75	0.0	0.0	0.25	0.25	1.0	0.0	0.0	0.25	0.0	1.0	0.0	0.25	0.0	1.25	0.25	0.25	0.5	0.5	2.5	0.5	1.25	0.0	0.0	0.0	0.0	0.5	0.5	0.0	0.0
PLEKHH3_NM_024927	LLL_CTGCTGCTG	1663	1672	2031	0.16666666666666666	0.0	0.0	0.0	0.0	0.0	0.16666666666666666	0.08333333333333333	0.0	0.0	0.0	0.0	0.0	0.0	0.0	0.0	0.0	0.0	0.08333333333333333	0.0	0.0	0.0	0.08333333333333333	0.08333333333333333	0.08333333333333333	0.08333333333333333	0.0	0.0	0.3333333333333333	0.08333333333333333
POM121C_NM_001099415	KKK_AAGAAGAAG	259	268	306	0.0	0.0	0.0	0.0	0.0	0.0	1.0	0.0	0.0	1.0	0.0	0.0	0.0	0.0	0.0	0.0	1.0	2.0	1.0	0.16666666666666666	0.0	0.0	0.0	0.0	1.0	1.0	0.0	0.0	0.0	0.0
PPP1R32_NM_145017	QQQ_CAGCAGCAG	565	574	855	0.0	0.0	0.0	0.0	0.0	0.0	0.0	0.0	0.0	0.0	0.0	0.0	0.0	0.0	0.0	0.0	0.0	0.0	0.0	0.13333333333333333	0.0	0.0	0.0	0.0	0.0	0.0	0.0	0.0	0.0	0.1111111111111111
PRKDC_NM_006904	KKK_AAAAAAAAA	586	595	627	0.0	0.0	0.0	0.0	0.0	0.0	1.0	6.0	0.0	0.0	0.0	1.0	1.0	0.0	7.0	7.0	0.0	0.0	1.0	1.0	3.0	1.0	2.0	0.0	0.0	0.0	0.0	1.0	0.0	5.0
PRPF40B_NM_001031698	QQQQ_CAGCAGCAGCAG	709	721	765	0.0	0.0	0.0	0.0	0.0	0.0	0.0	0.0	0.0	0.0	0.0	0.0	0.0	0.0	0.0	0.0	0.0	0.0	0.0	0.0	0.0	0.0	0.0	0.0	0.0	0.0	0.0	0.0	0.0	0.0
PRRC2B_NM_013318	QQQ_CAGCAGCAG	1990	1999	2265	0.8888888888888888	0.5555555555555556	0.2222222222222222	0.0	0.0	0.1111111111111111	0.7777777777777778	0.0	0.3333333333333333	0.3333333333333333	0.0	0.0	0.0	0.2222222222222222	0.5555555555555556	0.8888888888888888	0.0	0.1111111111111111	0.6666666666666666	0.6	0.4444444444444444	0.4444444444444444	0.2222222222222222	0.3333333333333333	0.1111111111111111	0.8888888888888888	0.1111111111111111	0.2222222222222222	0.2222222222222222	0.2222222222222222
PRRC2C_NM_015172	QQQ_CAGCAGCAG,QQQ_CAGCAGCAG	2149	2170	2220	0.0	0.5	0.0	0.0	0.5	0.0	0.0	14.0	1.5	0.5	0.5	1.0	1.5	3.5	6.0	5.0	1.0	1.0	1.0	0.0	0.0	0.0	0.0	0.0	0.0	0.0	0.0	1.5	0.0	0.5
PRSS23_NM_007173	QQQ_CAGCAGCAG	1324	1333	1464	0.75	0.25	0.25	0.5	0.0	0.0	0.0	0.5	0.0	1.0	1.25	0.0	1.25	0.75	1.0	0.0	0.5	0.0	0.0	0.3	0.0	0.25	0.0	0.0	0.0	0.0	0.0	0.0	0.0	0.0
PTPRE_NM_006504	EEE_GAGGAGGAG	460	469	555	0.0	0.0	0.3333333333333333	0.0	0.0	0.0	0.0	0.0	0.0	0.0	0.0	0.0	0.0	0.0	0.0	0.0	0.0	0.0	0.6666666666666666	0.0	0.3333333333333333	0.3333333333333333	0.0	0.0	0.0	0.0	0.0	0.0	0.0	0.0
QRICH1_NM_017730	QQQ_CAGCAGCAG	922	931	1008	0.0	0.0	0.0	0.5	0.0	0.5	0.0	0.0	0.0	0.0	0.0	0.0	0.0	1.0	1.5	0.5	3.5	3.5	2.5	0.2	4.5	0.0	0.0	0.0	0.0	0.0	0.0	0.0	1.0	0.0
R3HDM1_NM_001282798	PPPP_CCACCACCACCA,PPPP_CCTCCTCCTCCT	1891	1915	2373	0.0	0.0625	0.0	0.0	0.0625	0.0	0.0625	0.0	0.0	0.0	0.0625	0.0625	0.125	0.0	0.0	0.0625	0.0	0.0625	0.0	0.125	0.0625	0.0625	0.0	0.0625	0.125	0.0	0.125	0.0625	0.0	0.0
RAB40C_NM_001172663	GGG_GGCGGCGGC	844	853	930	0.5	0.0	0.0	0.0	0.0	0.0	0.0	0.0	0.0	0.0	0.0	0.0	0.0	0.0	0.0	0.0	0.0	0.0	0.0	0.1	0.0	1.5	0.0	0.0	0.0	0.0	0.0	0.0	0.0	0.0
RAD52_NM_001297419	QQQ_CAGCAGCAG	892	901	954	0.0	0.0	0.5	0.5	0.0	0.0	0.0	0.0	0.5	0.0	0.0	1.0	1.5	0.5	0.0	0.5	0.5	0.0	0.0	0.0	0.0	0.0	0.0	0.0	0.0	0.0	0.0	0.0	0.0	0.0
RALGDS_NM_006266	TTT_ACCACCACC	550	559	597	0.0	0.0	0.0	0.0	0.0	0.0	0.0	0.0	0.0	0.0	0.0	0.0	0.0	0.0	0.0	0.0	0.0	0.0	0.0	0.0	0.0	0.0	0.0	0.0	0.0	0.0	0.0	0.0	0.0	0.0
RASAL2_NM_170692	LLL_CTGCTGCTG	3592	3601	3666	0.0	0.0	0.0	0.0	0.0	0.0	0.0	0.0	0.0	0.0	0.0	0.0	0.0	0.0	0.5	0.5	0.0	0.0	0.5	0.16666666666666666	0.0	0.0	0.0	0.5	0.0	0.0	0.0	0.5	0.0	0.0
RBM33_NM_053043	QQQ_CAGCAGCAG	1081	1090	1503	0.2857142857142857	0.07142857142857142	0.2857142857142857	0.14285714285714285	0.5	0.5	0.14285714285714285	0.21428571428571427	0.21428571428571427	0.0	0.2857142857142857	0.07142857142857142	0.14285714285714285	0.2857142857142857	0.07142857142857142	0.2857142857142857	0.21428571428571427	0.35714285714285715	0.0	0.07142857142857142	0.2857142857142857	0.14285714285714285	0.0	0.14285714285714285	0.21428571428571427	0.14285714285714285	0.07142857142857142	0.0	0.14285714285714285	0.07142857142857142
RERE_NM_012102	TTT_ACCACCACC	1633	1642	1722	8.0	1.0	0.0	0.0	0.0	0.5	0.0	0.0	1.0	0.5	0.0	0.0	0.0	0.0	3.0	0.0	0.0	0.5	0.5	0.18181818181818182	0.0	0.0	0.0	0.0	0.0	0.0	0.5	0.0	0.0	0.0
SALL1_NM_002968	AAA_GCAGCAGCA	979	988	1032	0.0	0.0	0.0	0.0	0.0	0.0	0.0	0.0	0.0	0.0	1.0	0.0	2.0	2.0	0.0	1.0	1.0	0.0	0.0	0.0	0.0	0.0	2.0	0.0	0.0	0.0	0.0	0.0	0.0	0.0
SCAP_NM_012235	LLL_CTGCTGCTG	607	616	642	1.0	0.0	0.0	0.0	0.0	0.0	0.0	0.0	0.0	0.0	1.0	3.0	3.0	3.0	3.0	3.0	3.0	1.0	3.0	2.0	0.0	1.0	1.0	1.0	2.0	0.0	4.0	1.0	0.0	0.0
SEC23IP_NM_007190	QQQ_CAGCAGCAG	823	832	900	0.5	0.5	1.0	0.5	0.0	1.0	1.5	0.0	0.0	0.5	1.0	0.5	0.0	1.5	1.5	0.0	0.0	0.0	0.5	0.5714285714285714	0.0	0.0	0.5	0.5	0.0	1.5	1.5	0.0	0.0	0.0
SEC31A_NM_014933	QQQQQ_CAGCAGCAGCAGCAG	1357	1372	1389	0.0	1.0	3.0	0.0	3.0	1.0	2.0	1.0	1.0	0.0	0.0	3.0	4.0	4.0	4.0	1.0	0.0	2.0	3.0	1.0	0.0	1.0	2.0	0.0	1.0	0.0	0.0	3.0	0.0	3.0
SEMA4B_NM_020210	LLL_CTGCTGCTG	2026	2035	2154	0.0	0.0	0.0	0.0	0.0	0.0	0.0	0.5	0.0	0.0	0.0	0.0	0.25	0.25	0.0	0.5	0.0	0.0	0.5	0.3333333333333333	0.75	0.0	0.0	2.5	0.25	0.0	0.25	0.5	0.0	0.0
SEMA4C_NM_017789	DDD_GACGACGAC,FFF_TTCTTCTTC	790	817	1068	0.0	0.2222222222222222	0.1111111111111111	0.0	0.2222222222222222	0.1111111111111111	0.0	0.3333333333333333	0.0	0.1111111111111111	0.0	0.2222222222222222	0.1111111111111111	0.0	0.2222222222222222	0.0	0.0	0.1111111111111111	0.3333333333333333	0.18181818181818182	0.0	1.0	0.1111111111111111	0.2222222222222222	0.1111111111111111	0.0	0.0	0.0	0.0	0.0
SETD1A_NM_014712	QQQ_CAGCAGCAG	4162	4171	4233	0.0	0.0	0.0	0.0	0.0	0.0	0.0	0.0	0.0	0.0	0.0	0.0	0.0	0.0	0.0	0.0	0.0	0.0	0.0	0.0	0.0	0.0	0.0	0.0	0.0	0.0	0.0	0.0	0.0	0.0
SETD2_NM_014159	QQQ_CAGCAGCAG	6946	6955	7203	0.0	0.0	0.0	0.75	0.125	0.0	0.0	0.125	0.0	0.0	0.0	0.125	0.25	0.125	0.125	0.125	0.25	0.25	0.125	0.07692307692307693	0.125	0.125	0.0	0.0	0.5	0.125	0.125	0.125	0.0	0.125
SH2B1_NM_001308293	GGGG_GGAGGAGGAGGA	997	1009	1116	0.0	0.0	0.0	0.0	0.3333333333333333	0.3333333333333333	0.0	0.0	0.0	0.3333333333333333	0.3333333333333333	0.3333333333333333	0.0	0.0	0.0	0.0	0.0	0.0	0.0	0.16666666666666666	0.0	0.3333333333333333	0.0	0.6666666666666666	0.3333333333333333	0.6666666666666666	0.0	0.0	0.0	0.0
SH2B3_NM_005475	RRR_CGCCGCCGC	538	547	612	0.0	0.0	0.0	0.0	0.0	0.0	0.0	0.0	0.0	0.0	0.0	0.0	0.0	0.0	0.0	0.0	0.0	0.0	0.0	0.16666666666666666	0.0	0.0	0.0	0.0	0.0	0.0	0.0	0.0	0.5	0.5
SH2D3C_NM_170600	EEE_GAGGAGGAG	712	721	957	0.0	0.0	0.0	0.0	0.25	0.125	0.125	0.0	0.125	0.0	0.125	0.0	0.0	0.0	0.0	0.0	0.0	0.0	0.0	0.1111111111111111	0.25	0.0	0.0	0.0	0.0	0.0	0.125	0.0	0.0	0.0
SIK2_NM_015191	QQQ_CAGCAGCAG	2056	2065	2226	1.0	5.0	2.6	3.8	1.8	1.4	0.2	1.6	0.4	0.8	0.4	0.2	0.0	1.2	1.4	1.0	0.2	0.0	2.2	0.6363636363636364	0.6	1.0	1.6	0.2	0.4	0.2	0.4	0.0	0.0	0.2
SIK3_NM_025164	QQQQ_CAGCAGCAGCAG	3109	3121	3252	0.5	0.0	0.75	0.0	0.0	0.0	0.25	1.0	0.0	0.0	0.0	0.0	0.25	0.25	0.0	0.0	0.25	2.25	0.5	0.5454545454545454	1.25	0.0	0.0	0.0	0.25	0.0	0.0	0.25	0.0	0.5
SKIDA1_NM_207371	HHH_CACCACCAC	1189	1198	1413	0.0	0.0	0.0	0.0	0.0	0.0	0.0	0.0	0.0	0.0	0.0	0.0	0.0	0.0	0.0	0.0	0.0	0.0	0.0	0.0	0.0	0.0	0.0	0.0	0.0	0.0	0.0	0.0	0.0	0.0
SKIDA1_NM_207371	EEE_GAGGAGGAG	1423	1432	1632	0.0	0.0	0.0	0.0	0.0	0.0	0.0	0.0	0.0	0.0	0.0	0.0	0.0	0.0	0.0	0.0	0.0	0.0	0.0	0.0	0.0	0.0	0.0	0.0	0.0	0.0	0.3333333333333333	0.0	0.0	0.16666666666666666
SKIDA1_NM_207371	HHHHHHH_CACCACCACCACCACCACCAC,HHHHHHH_CACCACCACCACCACCACCAC	1108	1153	1413	0.0	0.2	0.1	0.0	0.0	0.0	0.0	0.0	0.0	0.0	0.0	0.0	0.0	0.0	0.0	0.0	0.0	0.0	0.0	0.0	0.0	0.0	0.0	0.0	0.0	0.0	0.0	0.0	0.0	0.0
SKIDA1_NM_207371	LLL_CTGCTGCTG,AAAAAAAA_GCGGCGGCGGCGGCGGCGGCGGCG,AAAA_GCGGCGGCGGCG	973	1045	1413	0.0	0.0	0.0	0.07142857142857142	0.07142857142857142	0.0	0.0	0.21428571428571427	0.0	0.0	0.0	0.0	0.0	0.0	0.0	0.0	0.0	0.0	0.0	0.0	0.0	0.0	0.0	0.0	0.0	0.0	0.0	0.0	0.14285714285714285	0.07142857142857142
SKIDA1_NM_207371	EEEE_GAGGAGGAGGAG,EEEEE_GAGGAGGAGGAGGAG,EEEE_GAGGAGGAGGAG	1339	1384	1413	0.0	0.0	0.0	0.0	0.0	0.0	0.0	0.0	0.0	0.0	0.0	0.0	0.0	0.0	0.0	0.0	0.0	0.0	0.0	0.0	0.0	0.0	0.0	0.0	0.0	0.0	0.0	0.0	0.0	0.0
SLC22A31_NM_001242757	LLL_CTGCTGCTG	637	646	966	0.0	0.1	0.0	0.0	0.0	0.0	0.0	0.0	0.0	0.0	0.0	0.0	0.0	0.0	0.0	0.0	0.0	0.0	0.0	0.0	0.0	0.0	0.0	0.0	0.0	0.0	0.0	0.0	0.0	0.0
SLC38A9_NM_173514	LLL_CTCCTCCTC	991	1000	1044	0.0	0.0	0.0	0.0	0.0	0.0	0.0	0.0	0.0	0.0	0.0	0.0	0.0	0.0	0.0	0.0	0.0	0.0	0.0	0.125	0.0	0.0	0.0	0.0	1.0	0.0	0.0	3.0	0.0	1.0
SLC39A3_NM_144564	FFF_TTCTTCTTC	145	154	204	2.0	1.0	3.0	0.0	5.0	0.0	0.0	4.0	1.0	0.0	0.0	0.0	0.0	2.0	2.0	0.0	0.0	1.0	1.0	1.0	0.0	0.0	0.0	0.0	0.0	0.0	0.0	1.0	0.0	0.0
SLC4A2_NM_001199692	RRR_CGCCGCCGC	379	388	465	0.0	0.0	0.0	0.0	0.0	0.0	0.0	0.0	0.0	0.5	0.0	0.0	1.0	1.0	1.0	0.0	1.5	0.5	1.0	0.1	4.5	0.0	0.0	0.0	0.5	0.0	0.0	0.0	0.0	0.0
SLC9A8_NM_001260491	FFF_TTTTTTTTT	637	646	687	2.0	0.0	0.0	1.0	0.0	0.0	0.0	0.0	0.0	0.0	0.0	0.0	0.0	0.0	0.0	0.0	0.0	0.0	0.0	0.14285714285714285	0.0	0.0	0.0	0.0	0.0	1.0	0.0	0.0	0.0	0.0
SMG7_NM_201569	QQQ_CAACAACAA	2260	2269	2457	0.0	0.0	0.0	0.16666666666666666	0.3333333333333333	0.16666666666666666	0.0	0.3333333333333333	0.0	0.6666666666666666	0.0	0.5	0.0	0.16666666666666666	0.5	0.16666666666666666	0.16666666666666666	0.0	0.16666666666666666	0.0	1.1666666666666667	0.16666666666666666	0.0	0.0	0.3333333333333333	0.0	0.0	0.16666666666666666	0.0	0.16666666666666666
SMPD3_NM_018667	SSS_AGCAGCAGC	805	814	870	0.0	0.0	0.0	0.0	0.0	0.0	0.0	0.0	0.0	0.0	0.0	0.0	0.0	0.0	0.0	0.0	0.5	0.5	0.0	0.0	0.0	0.0	0.5	0.0	0.0	0.0	0.0	0.0	0.0	0.0
SMYD4_NM_052928	QQQ_CAGCAGCAG	2071	2080	2115	0.0	0.0	0.0	0.0	0.0	0.0	0.0	0.0	0.0	0.0	1.0	1.0	1.0	0.0	0.0	0.0	3.0	3.0	0.0	0.0	0.0	0.0	0.0	0.0	0.0	0.0	0.0	0.0	0.0	0.0
SOWAHB_NM_001029870	QQQ_CAGCAGCAG,RRR_CGGCGGCGG,EEE_GAGGAGGAG	448	496	564	0.3333333333333333	0.0	0.0	0.0	0.0	0.0	0.0	0.0	0.3333333333333333	0.0	0.0	0.0	0.0	0.3333333333333333	0.3333333333333333	1.3333333333333333	0.0	0.6666666666666666	0.3333333333333333	0.45454545454545453	0.3333333333333333	0.0	0.0	0.0	0.0	0.0	0.3333333333333333	0.0	0.3333333333333333	0.6666666666666666
SOWAHB_NM_001029870	AAA_GCGGCGGCG	661	670	801	1.25	0.0	0.25	0.0	0.0	0.0	0.25	0.0	0.75	0.0	0.0	0.25	0.5	0.5	0.25	0.75	0.5	0.0	0.0	0.2	0.0	0.0	0.0	0.0	0.25	0.0	0.0	0.0	0.0	0.25
SPATA2_NM_001135773	TTT_ACCACCACC	184	193	219	0.0	0.0	0.0	0.0	0.0	0.0	0.0	0.0	0.0	2.0	1.0	0.0	1.0	1.0	0.0	0.0	0.0	0.0	0.0	0.0	0.0	0.0	0.0	0.0	0.0	0.0	0.0	0.0	0.0	0.0
SPECC1L_NM_015330	EEE_GAGGAGGAG	2500	2509	2544	1.0	1.0	0.0	1.0	0.0	1.0	0.0	0.0	0.0	0.0	6.0	3.0	0.0	0.0	0.0	0.0	0.0	0.0	0.0	0.4	0.0	0.0	0.0	0.0	1.0	0.0	0.0	0.0	1.0	0.0
SRCIN1_NM_025248	GGGG_GGCGGCGGCGGC	1465	1477	1878	0.0	0.0	0.0	0.0	0.07692307692307693	0.0	0.15384615384615385	0.0	0.23076923076923078	0.0	0.0	0.0	0.0	0.0	0.0	0.15384615384615385	0.0	0.15384615384615385	0.07692307692307693	0.05	0.07692307692307693	0.15384615384615385	0.0	0.0	0.0	0.07692307692307693	0.0	0.0	0.07692307692307693	0.0
SRPK2_NM_182692	PPP_CCTCCTCCT,PPPPP_CCACCACCACCACCA	202	232	294	0.0	0.3333333333333333	0.0	0.0	0.3333333333333333	0.3333333333333333	1.0	0.0	0.0	0.3333333333333333	0.0	0.0	0.0	0.0	0.0	0.0	0.3333333333333333	1.6666666666666667	2.3333333333333335	1.0	0.3333333333333333	0.3333333333333333	0.3333333333333333	0.3333333333333333	2.0	0.0	1.0	1.3333333333333333	0.3333333333333333	0.0
SSC5D_NM_001144950	GGG_GGAGGAGGA	901	910	963	0.0	0.0	0.0	0.0	0.0	0.0	0.0	0.0	0.0	0.0	0.0	0.0	0.0	0.0	0.0	0.0	0.5	0.0	0.0	0.0	0.0	0.0	0.0	0.0	0.0	0.0	0.0	0.0	0.0	0.5
ST6GALNAC6_NM_001286999	TTT_ACCACCACC	1009	1018	1098	2.5	3.0	4.0	2.5	2.5	4.5	8.5	0.5	0.0	0.0	2.0	1.0	0.5	0.0	10.5	7.5	0.0	0.5	0.5	0.2727272727272727	0.5	0.0	0.0	0.0	0.0	0.0	0.0	0.0	0.0	0.0
STK40_NM_001282546	LLL_CTGCTGCTG	1261	1270	1296	6.0	0.0	0.0	0.0	0.0	0.0	1.0	0.0	0.0	0.0	0.0	0.0	2.0	3.0	1.0	0.0	0.0	0.0	0.0	0.0	0.0	0.0	0.0	0.0	1.0	0.0	0.0	1.0	0.0	0.0
STRIP1_NM_033088	QQQ_CAGCAGCAG	1135	1144	1227	0.0	0.0	0.0	1.0	0.0	0.0	0.0	0.0	1.3333333333333333	1.3333333333333333	0.6666666666666666	0.6666666666666666	0.3333333333333333	0.3333333333333333	1.0	1.3333333333333333	0.0	0.0	0.0	0.0	0.0	0.3333333333333333	0.0	0.6666666666666666	0.0	0.0	0.0	0.3333333333333333	2.0	0.0
SUCLA2_NM_003850	AAA_GCTGCTGCT	178	187	216	0.0	1.0	0.0	1.0	0.0	0.0	0.0	1.0	0.0	0.0	1.0	3.0	2.0	2.0	3.0	4.0	3.0	0.0	1.0	0.6666666666666666	0.0	1.0	0.0	0.0	2.0	0.0	0.0	2.0	1.0	0.0
SUPT20H_NM_001278480	SSSS_AGCAGCAGCAGC	2470	2482	2541	0.0	0.0	0.0	0.0	0.0	0.0	0.0	0.0	0.0	0.0	0.5	0.0	0.0	0.0	0.5	0.5	0.0	1.5	1.5	0.0	0.0	0.0	0.0	0.0	0.0	0.0	0.0	0.0	0.0	0.0
SWAP70_NM_015055	QQQ_CAGCAGCAG	1510	1519	1620	0.3333333333333333	0.0	0.3333333333333333	0.0	0.6666666666666666	0.0	0.3333333333333333	1.0	0.3333333333333333	0.0	0.3333333333333333	0.6666666666666666	0.3333333333333333	1.0	0.6666666666666666	0.6666666666666666	0.0	0.3333333333333333	0.0	0.0	0.0	1.0	0.6666666666666666	0.0	0.0	0.0	0.6666666666666666	0.6666666666666666	0.3333333333333333	0.3333333333333333
TCAF2_NM_001130025	QQQ_CAGCAGCAG	748	757	1122	0.25	0.0	0.0	0.0	0.16666666666666666	0.0	0.0	0.3333333333333333	0.08333333333333333	0.08333333333333333	0.0	0.16666666666666666	0.0	0.08333333333333333	0.08333333333333333	0.08333333333333333	0.0	0.0	0.08333333333333333	0.0625	0.0	0.08333333333333333	0.08333333333333333	0.25	0.0	0.08333333333333333	0.0	0.16666666666666666	0.16666666666666666	0.08333333333333333
TCP10L_NM_144659	QQQ_CAGCAGCAG	250	259	309	0.0	0.0	0.0	0.0	0.0	0.0	0.0	0.0	0.0	0.0	3.0	3.0	1.0	0.0	0.0	0.0	0.0	0.0	0.0	0.1	1.0	1.0	0.0	0.0	0.0	0.0	0.0	0.0	0.0	0.0
TDP2_NM_016614	AAA_GCAGCAGCA	1063	1072	1137	1.5	0.0	3.5	0.5	0.0	0.0	0.0	2.5	1.0	1.5	4.5	4.5	0.0	0.0	0.0	0.0	0.0	2.5	1.0	0.5	1.0	0.0	0.5	0.0	0.0	0.0	0.5	4.0	0.0	0.0
TGIF2_NM_001199514	RRR_CGGCGGCGG	316	325	366	0.0	0.0	0.0	6.0	0.0	0.0	0.0	0.0	0.0	0.0	0.0	0.0	0.0	0.0	1.0	1.0	0.0	0.0	0.0	0.0	0.0	0.0	0.0	0.0	0.0	0.0	0.0	0.0	0.0	0.0
TLE2_NM_001300846	EEE_GAGGAGGAG	706	715	759	0.0	0.0	0.0	0.0	0.0	0.0	0.0	0.0	0.0	0.0	0.0	0.0	0.0	0.0	0.0	0.0	0.0	0.0	0.0	0.0	0.0	0.0	0.0	0.0	0.0	0.0	0.0	0.0	0.0	0.0
TMC8_NM_152468	QQQ_CAGCAGCAG	952	961	1320	0.0	0.0	0.08333333333333333	0.0	0.08333333333333333	0.16666666666666666	0.0	0.0	0.0	0.08333333333333333	0.0	0.0	0.0	0.08333333333333333	0.0	0.0	0.0	0.0	0.0	0.14285714285714285	0.08333333333333333	0.0	0.0	0.08333333333333333	0.0	0.25	0.08333333333333333	0.0	0.0	0.0
TMEM138_NM_016464	III_ATCATCATC	256	265	330	0.5	0.0	0.0	0.5	0.0	0.0	0.0	0.0	0.5	0.0	0.0	0.5	0.0	0.5	0.5	0.0	0.0	0.0	0.0	0.16666666666666666	0.0	0.0	0.5	0.0	0.0	0.0	4.0	0.0	0.0	0.0
TMEM184A_NM_001097620	LLLL_CTCCTCCTCCTC	421	433	555	0.0	0.0	0.0	0.25	0.0	0.25	0.0	0.0	0.0	0.0	0.0	0.0	0.0	0.5	0.75	0.25	0.0	0.0	0.25	0.125	0.75	0.0	0.25	0.0	0.0	0.0	0.0	0.0	0.0	0.0
TMEM2_NM_013390	PPP_CCTCCTCCT	211	220	294	0.5	0.5	0.5	0.0	0.0	1.0	0.0	1.0	1.5	0.0	0.0	0.0	0.0	2.0	1.5	5.0	4.5	2.0	1.0	0.3333333333333333	5.0	1.5	1.5	0.0	2.0	6.0	1.0	0.0	0.5	0.0
TMEM5_NM_014254	RRR_CGCCGCCGC	190	199	291	1.0	0.3333333333333333	0.0	0.3333333333333333	0.3333333333333333	0.0	0.0	0.0	0.3333333333333333	0.0	0.0	0.0	0.3333333333333333	0.0	0.0	0.3333333333333333	0.6666666666666666	0.0	0.3333333333333333	0.5	1.0	1.3333333333333333	2.0	0.0	0.0	0.3333333333333333	0.0	0.3333333333333333	0.0	0.0
TNK2_NM_001010938	EEE_GAGGAGGAG	2620	2629	2967	0.0	0.0	0.0	0.0	0.09090909090909091	0.09090909090909091	0.0	0.09090909090909091	0.0	0.09090909090909091	0.09090909090909091	0.0	0.09090909090909091	0.0	0.09090909090909091	0.0	0.0	0.09090909090909091	0.0	0.0	0.0	0.0	0.09090909090909091	0.0	0.0	0.0	0.0	0.18181818181818182	0.0	0.0
TNKS_NM_003747	GGG_GGAGGAGGA	3784	3793	3858	0.0	0.0	0.0	0.0	0.0	0.0	0.0	0.5	0.0	1.0	0.5	0.0	0.0	0.0	0.0	0.0	0.0	1.5	2.0	0.16666666666666666	0.0	0.0	0.0	0.0	0.5	0.0	0.0	0.0	0.0	0.0
TNRC18_NM_001080495	SSSSS_TCCTCCTCCTCCTCC,SSSSSSSSS_TCCTCCTCCTCCTCCTCCTCCTCCTCC,SSSS_TCCTCCTCCTCC,SSSS_TCCTCCTCCTCC,SSSS_TCCTCCTCCTCC,SSSSSS_TCCTCCTCCTCCTCCTCC	7939	8092	8151	0.14285714285714285	0.5714285714285714	0.0	0.0	0.0	0.14285714285714285	0.0	0.14285714285714285	0.0	0.0	0.0	0.0	0.0	0.0	0.0	0.0	0.0	0.0	0.0	0.14285714285714285	0.0	0.0	0.0	0.0	0.0	0.0	0.0	0.0	0.0	0.0
TNRC6A_NM_014494	QQQQ_CAGCAGCAGCAG,QQQ_CAGCAGCAG,QQQQ_CAGCAGCAGCAG,QQQ_CAGCAGCAG,QQQQ_CAGCAGCAGCAG,QQQ_CAGCAGCAG	385	475	504	0.0	0.0	0.0	0.6666666666666666	0.0	0.0	0.3333333333333333	0.3333333333333333	0.0	0.0	0.0	0.0	0.0	0.0	0.0	0.0	0.0	0.0	0.0	0.08333333333333333	0.0	1.0	2.0	0.0	0.0	0.0	0.0	0.3333333333333333	0.0	0.0
TNRC6B_NM_001162501	QQQ_CAGCAGCAG,QQQ_CAGCAGCAG	3958	3979	4290	0.0	0.0	0.2727272727272727	0.36363636363636365	0.0	0.18181818181818182	0.09090909090909091	0.18181818181818182	0.6363636363636364	0.09090909090909091	0.8181818181818182	0.5454545454545454	0.5454545454545454	0.2727272727272727	0.09090909090909091	0.2727272727272727	0.18181818181818182	0.2727272727272727	0.18181818181818182	0.0	0.45454545454545453	0.2727272727272727	0.09090909090909091	0.6363636363636364	0.0	0.5454545454545454	0.0	0.18181818181818182	1.2727272727272727	0.18181818181818182
TOR1AIP1_NM_001267578	QQQ_CAGCAGCAG	490	499	573	0.0	0.0	1.0	2.5	4.5	2.5	1.5	0.5	1.5	2.0	0.5	0.0	0.5	0.5	4.5	3.5	0.0	0.5	1.0	0.3333333333333333	0.5	0.0	1.0	2.5	3.5	0.0	0.5	0.0	0.0	2.5
TOX_NM_014729	PPP_CCTCCTCCT	1348	1357	1626	0.0	0.0	0.0	0.0	0.0	0.0	0.0	0.0	0.0	0.1111111111111111	0.0	0.0	0.0	0.0	0.0	0.1111111111111111	0.1111111111111111	0.0	0.0	0.0	0.0	0.1111111111111111	0.0	0.0	0.0	0.0	0.0	0.0	0.0	0.0
TRAF2_NM_021138	KKK_AAGAAGAAG	679	688	789	0.0	0.0	0.3333333333333333	0.0	0.6666666666666666	0.0	0.0	0.6666666666666666	0.6666666666666666	0.0	0.0	0.0	0.0	0.3333333333333333	0.3333333333333333	0.0	0.0	0.0	0.0	0.1111111111111111	0.0	0.0	0.3333333333333333	0.0	0.0	0.0	0.3333333333333333	0.0	0.0	0.0
TRAPPC10_NM_003274	SSS_AGCAGCAGC	3700	3709	3852	0.2	0.0	0.0	0.0	0.0	0.2	0.0	0.2	0.0	0.4	0.0	0.0	0.0	0.0	0.2	0.0	0.0	0.0	0.0	0.0	0.0	0.2	0.0	0.0	0.0	0.2	0.0	0.0	0.0	0.0
TREH_NM_007180	LLL_CTGCTGCTG	133	142	186	0.0	0.0	0.0	1.0	0.0	0.0	0.0	0.0	0.0	0.0	0.0	1.0	1.0	1.0	1.0	0.0	0.0	0.0	0.0	0.0	0.0	0.0	0.0	0.0	0.0	0.0	0.0	1.0	1.0	0.0
TRIM33_NM_015906	QQQ_CAACAACAA	1657	1666	1764	0.0	0.3333333333333333	0.3333333333333333	0.6666666666666666	0.0	1.3333333333333333	0.0	0.0	1.0	0.0	0.0	0.3333333333333333	0.3333333333333333	0.6666666666666666	0.3333333333333333	1.0	0.3333333333333333	0.6666666666666666	1.6666666666666667	0.125	0.0	0.0	0.0	0.6666666666666666	1.3333333333333333	0.0	0.3333333333333333	1.6666666666666667	0.0	0.0
TTC4_NM_004623	AAA_GCAGCAGCA	469	478	516	0.0	0.0	1.0	0.0	0.0	1.0	0.0	0.0	2.0	0.0	0.0	0.0	0.0	0.0	0.0	6.0	6.0	0.0	0.0	0.16666666666666666	1.0	1.0	0.0	0.0	1.0	0.0	0.0	0.0	0.0	0.0
TUBGCP6_NM_020461	EEE_GAGGAGGAG	2344	2353	2496	0.4	0.0	0.0	0.2	0.0	0.2	0.0	0.2	0.0	0.0	0.2	0.0	0.0	0.0	0.0	0.0	0.0	0.0	0.0	0.2	0.0	0.6	0.4	0.0	0.0	0.2	0.0	0.6	0.2	0.2
TUSC3_NM_006765	LLLL_CTGCTGCTGCTG	187	199	252	0.0	0.0	0.0	0.0	0.0	0.0	0.0	0.0	0.0	0.0	0.0	0.0	1.0	0.5	0.0	0.0	0.0	0.0	0.0	0.0	0.0	0.5	0.0	2.5	1.0	0.0	0.5	0.0	0.0	4.0
TWISTNB_NM_001002926	EEE_GAGGAGGAG,KKKK_AAGAAGAAGAAG	913	943	993	2.5	0.0	0.0	0.0	0.5	0.0	0.0	1.0	1.0	0.5	0.5	0.0	0.0	0.0	0.0	0.5	1.0	0.5	0.0	0.125	0.0	0.5	0.0	0.0	0.0	0.5	0.0	0.0	0.0	2.0
UCKL1_NM_017859	QQQ_CAGCAGCAG	523	532	582	1.0	0.0	0.0	0.0	0.0	0.0	0.0	0.0	0.0	0.0	0.0	3.0	4.0	2.0	1.0	0.0	0.0	0.0	0.0	0.3	0.0	1.0	0.0	0.0	0.0	0.0	0.0	0.0	0.0	1.0
VAMP7_NM_001185183	HHH_CATCATCAT	607	616	687	0.0	0.0	0.0	0.5	1.0	2.5	0.0	1.0	0.0	0.5	0.0	0.5	0.5	1.5	1.5	0.0	0.5	0.0	0.0	0.0	0.5	0.0	0.0	0.0	0.0	0.0	0.0	0.0	0.0	0.0
VPS53_NM_001128159	LLL_CTGCTGCTG	2185	2194	2310	0.0	0.0	0.75	0.5	0.0	0.0	0.0	0.25	0.0	0.0	0.25	0.25	0.0	0.5	0.0	0.0	0.75	0.0	0.0	0.6	0.5	0.0	0.0	0.0	0.0	0.25	0.0	1.0	0.0	0.75
WDR91_NM_014149	LLL_CTGCTGCTG	1723	1732	1848	0.0	0.0	0.0	0.0	0.0	0.0	0.25	1.0	0.0	0.0	0.0	0.0	0.0	0.25	0.0	0.0	0.0	0.0	0.0	0.0	0.0	0.25	0.0	0.0	0.0	0.25	0.0	0.25	0.25	0.25
WRAP53_NM_018081	SSS_AGCAGCAGC	838	847	927	0.0	0.0	0.0	0.0	0.0	0.0	0.0	0.0	0.0	0.0	0.0	0.0	0.0	0.0	0.0	0.0	0.0	0.5	0.0	0.0	0.0	0.0	0.0	0.0	0.0	0.0	0.0	0.0	0.0	0.0
YBX3_NM_003651	EEEE_GAGGAGGAGGAG	682	694	714	0.0	0.0	1.0	1.0	0.0	0.0	0.0	0.0	0.0	0.0	0.0	0.0	1.0	1.0	0.0	0.0	0.0	0.0	0.0	0.0	0.0	0.0	0.0	0.0	0.0	0.0	0.0	0.0	0.0	0.0
ZBTB47_NM_145166	EEEE_GAGGAGGAGGAG,EEEEE_GAGGAGGAGGAGGAG	931	964	1071	0.0	0.0	0.0	0.0	0.0	0.0	0.0	0.0	0.0	0.0	0.0	0.0	0.0	0.0	0.0	0.0	0.0	0.0	0.0	0.0	0.0	0.0	0.0	0.0	0.0	0.0	0.0	0.0	0.0	0.0
ZDHHC24_NM_207340	LLL_CTGCTGCTG	757	766	813	0.0	0.0	0.0	0.0	0.0	0.0	0.0	0.0	0.0	0.0	1.0	0.0	0.0	1.0	1.0	0.0	1.0	3.0	2.0	0.2222222222222222	0.0	0.0	0.0	0.0	0.0	0.0	0.0	0.0	0.0	0.0
ZFHX3_NM_006885	AAAAA_GCGGCGGCGGCGGCG,AAAA_GCGGCGGCGGCG	2413	2446	2463	0.0	0.0	0.0	0.0	0.0	0.0	0.0	0.0	0.0	0.0	0.0	0.0	3.0	3.0	0.0	0.0	0.0	0.0	0.0	0.0	0.0	0.0	0.0	0.0	0.0	0.0	0.0	0.0	0.0	0.0
ZFHX3_NM_006885	QQQ_CAGCAGCAG	6523	6532	6564	0.0	0.0	1.0	0.0	0.0	0.0	0.0	0.0	0.0	0.0	0.0	0.0	0.0	0.0	0.0	0.0	0.0	0.0	0.0	0.0	0.0	0.0	0.0	0.0	0.0	0.0	0.0	0.0	0.0	0.0
ZFHX3_NM_006885	EEE_GAGGAGGAG,EEEE_GAGGAGGAGGAG,EEE_GAGGAGGAG,EEE_GAGGAGGAG	1498	1558	1602	0.0	0.0	0.0	0.0	0.0	0.0	0.0	0.0	0.0	0.0	0.0	0.0	0.0	0.0	0.3333333333333333	0.0	0.0	0.0	0.0	0.0	0.0	0.0	0.0	0.0	0.0	0.0	0.0	0.0	0.0	0.0
ZHX1_NM_001017926	YYY_TACTACTAC	2266	2275	2298	0.0	0.0	2.0	0.0	0.0	4.0	0.0	0.0	0.0	0.0	0.0	0.0	0.0	0.0	0.0	0.0	1.0	1.0	0.0	0.0	0.0	0.0	0.0	2.0	1.0	0.0	0.0	1.0	0.0	0.0
ZNF281_NM_001281293	HHH_CACCACCAC,HHHH_CACCACCACCAC	520	544	570	0.0	0.0	2.0	0.0	0.0	1.0	0.0	1.0	0.0	1.0	0.0	0.0	0.0	0.0	0.0	0.0	0.0	0.0	0.0	0.8571428571428571	0.0	0.0	1.0	0.0	0.0	1.0	1.0	0.0	1.0	3.0
ZNF317_NM_020933	EEE_GAGGAGGAG	433	442	504	0.0	0.0	0.0	0.0	0.0	0.0	0.0	0.0	0.0	0.0	0.5	0.0	0.0	0.0	0.0	0.0	0.0	0.0	0.0	0.6	0.0	0.0	0.0	0.5	0.0	0.0	0.0	0.0	0.0	1.0
ZNF318_NM_014345	GGG_GGTGGTGGT	1129	1138	1212	0.0	0.0	0.0	0.0	0.0	0.0	0.0	0.0	0.0	0.0	0.0	0.0	0.0	0.0	0.0	0.0	0.0	0.0	0.0	0.1111111111111111	0.5	0.0	0.5	0.0	0.0	0.0	0.0	0.0	0.0	0.0
ZNF384_NM_001135734	AAAA_GCAGCAGCAGCA	1495	1507	1740	0.0	0.125	0.0	0.0	0.0	0.0	0.125	0.625	0.0	0.25	0.25	0.125	0.0	0.25	0.0	0.0	0.0	0.125	0.375	0.0	0.125	0.0	0.25	0.25	0.0	0.0	0.0	0.0	0.0	0.0
ZNF384_NM_001135734	QQQQQQQQQQQQQQ_CAGCAGCAGCAGCAGCAGCAGCAGCAGCAGCAGCAGCAGCAG,PPP_CCACCACCA	1600	1657	1740	0.25	0.5	0.25	0.25	0.0	0.0	0.0	0.0	0.5	0.0	0.0	0.0	0.0	0.0	0.0	0.0	0.0	0.75	0.0	0.0	0.0	0.25	0.0	0.0	0.5	0.0	0.0	0.5	0.0	0.0
ZNF512_NM_032434	EEE_GAAGAAGAA	1567	1576	1638	0.0	0.0	0.0	0.0	0.5	0.5	0.0	0.0	0.0	0.0	0.5	0.0	0.0	0.0	0.0	0.0	0.0	0.0	0.0	0.4	0.0	0.0	0.0	0.0	0.0	0.5	0.0	0.0	0.0	0.0
ZNF629_NM_001080417	LLL_CTGCTGCTG	2284	2293	2544	0.0	0.0	0.125	0.0	0.0	0.125	0.0	0.25	0.0	0.0	0.0	0.25	0.25	0.0	0.0	0.0	0.125	0.0	0.0	0.14285714285714285	0.0	0.0	0.0	0.125	0.125	0.0	0.0	0.0	0.0	0.0
ZNF697_NM_001080470	DDD_GACGACGAC	454	463	567	0.0	0.0	0.0	0.0	0.0	0.0	0.3333333333333333	0.0	0.0	0.0	0.0	0.0	0.0	0.0	0.0	0.3333333333333333	0.3333333333333333	0.0	0.0	0.1	0.0	0.0	0.0	0.0	0.0	0.0	0.3333333333333333	0.0	0.0	0.0
ZNF710_NM_198526	EEE_GAGGAGGAG	340	349	375	0.0	0.0	0.0	0.0	0.0	0.0	0.0	0.0	0.0	0.0	0.0	0.0	0.0	0.0	0.0	0.0	0.0	0.0	0.0	0.0	0.0	0.0	1.0	0.0	0.0	0.0	0.0	0.0	0.0	0.0
ZNRF3_NM_001206998	SSS_AGCAGCAGC	955	964	1005	0.0	0.0	0.0	0.0	0.0	0.0	0.0	0.0	0.0	0.0	0.0	0.0	0.0	0.0	0.0	0.0	0.0	0.0	0.0	0.0	0.0	0.0	0.0	0.0	0.0	1.0	0.0	0.0	0.0	0.0
ZNRF3_NM_001206998	CCC_TGCTGCTGC	2233	2242	2271	0.0	0.0	0.0	0.0	0.0	0.0	0.0	0.0	1.0	0.0	0.0	0.0	0.0	0.0	0.0	0.0	0.0	0.0	0.0	0.0	0.0	0.0	0.0	0.0	0.0	0.0	0.0	0.0	0.0	0.0
ZSWIM8_NM_001242488	EEE_GAGGAGGAG	5017	5026	5169	0.2	0.8	0.0	0.6	0.4	0.6	0.0	0.0	0.2	0.6	1.0	0.0	0.0	0.0	1.2	0.6	0.6	0.2	0.0	0.2	0.0	0.0	0.2	0.0	0.0	0.2	0.2	0.2	0.4	0.8
ZXDA_NM_007156	GGGGG_GGCGGCGGCGGCGGC	142	157	198	0.0	0.0	0.0	0.0	0.0	0.0	0.0	0.0	0.0	0.0	0.0	0.0	0.0	0.0	0.0	0.0	0.0	0.0	1.0	0.2222222222222222	0.0	0.0	0.0	0.0	0.0	0.0	0.0	0.0	0.0	0.0
ZXDA_NM_007156	GGG_GGCGGCGGC	346	355	381	0.0	0.0	0.0	0.0	0.0	0.0	0.0	0.0	0.0	0.0	0.0	0.0	0.0	0.0	0.0	0.0	0.0	0.0	0.0	0.0	0.0	1.0	0.0	0.0	0.0	0.0	0.0	0.0	0.0	0.0
ZXDB_NM_007157	GGGGG_GGCGGCGGCGGCGGC	142	157	198	0.0	0.0	0.0	0.0	0.0	0.0	0.0	0.0	0.0	0.0	0.0	0.0	0.0	0.0	0.0	0.0	0.0	0.0	0.0	0.0	0.0	0.0	0.0	0.0	0.0	0.0	0.0	0.0	0.0	0.0
