AATK_NM_001080395	SSS_AGCAGCAGC	2638	2647	3410	0.0	0.0	0.0	0.0	0.0	0.0	0.0	0.0	0.0	0.0	0.0	0.0	0.0	0.04	0.0	0.04	0.04	0.0	0.0	0.0	0.0	0.0	0.0	0.0	0.0	0.0	0.0	0.0	0.0	0.0
ABCA9_NM_080283	KKK_AAAAAAAAA	3244	3253	3341	0.0	0.0	0.0	0.0	0.3333333333333333	0.0	0.3333333333333333	0.0	0.3333333333333333	1.6666666666666667	0.0	0.0	0.3333333333333333	0.6666666666666666	0.0	0.0	0.3333333333333333	0.0	0.3333333333333333	0.0	0.0	0.0	0.0	0.0	0.0	0.0	0.0	0.0	0.0	0.3333333333333333
ABCD1_NM_000033	VVV_GTGGTGGTG	1561	1570	1772	0.2857142857142857	0.5714285714285714	0.0	0.14285714285714285	0.14285714285714285	0.0	0.0	0.0	0.0	0.0	0.5714285714285714	0.14285714285714285	0.0	0.14285714285714285	0.0	0.14285714285714285	0.0	0.14285714285714285	0.0	0.5714285714285714	0.14285714285714285	0.0	0.0	0.14285714285714285	0.0	0.14285714285714285	0.14285714285714285	0.0	0.0	0.14285714285714285
ABL1_NM_007313	EEE_GAGGAGGAG	2260	2269	2483	0.0	0.0	0.0	0.0	0.0	0.14285714285714285	0.0	0.0	0.0	0.0	0.0	0.0	0.14285714285714285	0.0	0.14285714285714285	0.14285714285714285	0.14285714285714285	0.0	0.0	0.09090909090909091	0.0	0.0	0.14285714285714285	0.0	0.0	0.0	0.0	0.0	0.0	0.0
ABLIM3_NM_001301015	FFF_TTCTTCTTC	280	289	464	0.5	0.3333333333333333	0.6666666666666666	0.0	1.8333333333333333	0.6666666666666666	0.6666666666666666	1.0	0.3333333333333333	0.6666666666666666	0.16666666666666666	1.3333333333333333	0.5	3.6666666666666665	2.1666666666666665	0.0	0.3333333333333333	1.3333333333333333	0.6666666666666666	0.8571428571428571	0.6666666666666666	0.16666666666666666	0.0	0.16666666666666666	0.0	1.0	0.0	1.0	0.0	0.16666666666666666
ACP6_NM_016361	III_ATCATCATC	664	673	734	0.0	0.0	0.0	0.0	0.0	0.0	0.0	0.0	0.0	1.0	1.0	0.0	0.0	1.0	1.0	0.5	0.0	0.0	0.0	0.0	0.0	0.0	0.0	0.0	0.0	0.0	0.0	0.5	0.5	0.0
ADNP2_NM_014913	KKK_AAGAAGAAG	2485	2494	2531	0.0	0.0	0.0	0.0	0.0	0.0	0.0	0.0	0.0	0.0	1.0	0.0	0.0	0.0	0.0	0.0	1.0	1.0	0.0	0.16666666666666666	0.0	0.0	0.0	0.0	0.0	0.0	0.0	0.0	0.0	0.0
AEBP2_NM_001114176	EEEE_GAGGAGGAGGAG,EEEE_GAGGAGGAGGAG	208	235	278	0.0	0.0	0.0	0.0	0.0	0.5	0.0	0.0	0.5	0.0	0.5	0.5	0.0	0.0	0.0	0.0	0.5	0.5	0.0	0.4	0.0	0.0	0.0	0.0	0.0	0.0	0.0	0.0	0.0	0.0
AFAP1_NM_001134647	EEE_GAGGAGGAG	481	490	752	0.1111111111111111	0.0	0.0	0.0	0.0	0.0	0.0	0.0	0.1111111111111111	0.3333333333333333	0.0	0.0	0.0	0.0	0.0	0.0	0.0	0.0	0.2222222222222222	0.3333333333333333	0.0	0.0	0.0	0.1111111111111111	0.0	0.1111111111111111	0.1111111111111111	0.1111111111111111	0.0	0.0
AGAP3_NM_031946	VVV_GTGGTGGTG	1927	1936	2171	0.0	0.0	0.0	0.0	0.0	0.125	0.0	0.125	0.125	0.125	0.0	0.25	0.0	0.25	0.125	0.125	0.25	0.0	0.0	0.0	0.25	0.0	0.0	0.0	0.25	0.0	0.0	0.0	0.25	0.0
AHDC1_NM_001029882	SSSSSS_TCCTCCTCCTCCTCCTCC	3355	3373	3524	0.2	0.0	0.0	0.0	0.0	0.0	0.0	0.0	0.0	0.0	0.0	0.0	0.0	0.0	0.0	0.2	0.4	0.0	0.2	0.09090909090909091	0.0	0.0	0.0	0.0	0.2	0.0	0.0	0.0	0.0	0.0
AHDC1_NM_001029882	RRR_CGGCGGCGG	1861	1870	1967	0.0	0.0	0.0	0.0	0.0	0.0	0.0	0.0	0.3333333333333333	0.0	0.3333333333333333	0.3333333333333333	0.3333333333333333	0.3333333333333333	0.3333333333333333	0.3333333333333333	0.3333333333333333	0.0	0.0	0.0	0.0	0.0	0.3333333333333333	0.0	0.0	0.0	0.0	0.0	0.0	0.0
AKAP2_NM_001198656	QQQQQQ_CAGCAGCAGCAGCAGCAG	1219	1237	1292	0.0	0.0	0.0	0.0	0.0	0.0	0.0	0.0	0.5	0.0	0.0	0.0	1.5	1.0	0.0	0.0	0.5	0.0	0.0	0.8333333333333334	1.5	0.5	0.0	0.0	1.0	0.5	0.0	0.0	0.0	0.0
ANO8_NM_020959	QQQQ_CAGCAGCAGCAG,EEEE_GAGGAGGAGGAG	2791	2827	3029	0.0	0.0	0.0	0.0	0.0	0.0	0.0	0.0	0.0	0.0	0.14285714285714285	0.0	0.14285714285714285	0.0	0.5714285714285714	0.14285714285714285	0.0	0.0	0.14285714285714285	0.0	0.0	0.0	0.0	0.0	0.0	0.0	0.0	0.0	0.0	0.0
ANP32C_NM_012403	EEE_GAGGAGGAG,EEE_GAGGAGGAG	595	622	644	0.0	0.0	0.0	0.0	0.0	0.0	0.0	0.0	0.0	0.0	0.0	0.0	0.0	0.0	0.0	0.0	0.0	0.0	0.0	2.0	0.0	0.0	0.0	0.0	0.0	0.0	0.0	0.0	0.0	0.0
AP1AR_NM_018569	EEE_GAAGAAGAA	412	421	575	0.4	0.2	0.6	0.2	0.0	0.4	0.2	0.0	0.4	0.0	0.0	0.0	0.6	0.0	0.2	0.2	0.0	0.8	0.2	0.4444444444444444	0.0	0.2	0.0	0.0	0.2	0.0	0.0	0.0	0.4	0.6
AP3B1_NM_003664	DDD_GATGATGAT,KKK_AAGAAGAAG	928	967	1001	0.0	0.0	0.0	1.0	0.5	0.5	0.0	0.0	0.0	0.0	4.5	4.0	1.0	1.5	0.5	0.0	0.0	0.0	1.0	1.0	0.5	0.0	0.5	0.5	0.0	0.0	1.0	0.0	0.0	0.0
AP5S1_NM_001204446	QQQ_CAGCAGCAG	301	310	461	0.4	0.0	0.4	0.2	0.0	0.0	0.2	0.0	0.4	0.0	0.0	0.2	0.2	0.0	0.0	0.0	0.0	0.2	0.0	0.125	0.0	0.2	0.2	0.2	0.0	0.0	0.0	0.0	0.0	0.2
APBB1_NM_001164	EEE_GAGGAGGAG	1243	1252	1394	0.2	0.0	0.0	0.2	0.0	0.2	0.0	0.0	0.0	0.0	0.2	0.2	0.2	0.8	1.0	0.0	0.4	0.0	0.2	0.4	0.0	0.0	0.0	0.0	0.0	0.0	0.0	0.0	0.0	0.0
APC_NM_001127510	EEE_GAAGAAGAA,EEE_GAAGAAGAA	3544	3568	3593	0.0	0.0	0.0	0.0	0.0	0.0	1.0	0.0	0.0	0.0	1.0	0.0	0.0	1.0	1.0	0.0	0.0	2.0	3.0	0.14285714285714285	0.0	0.0	2.0	0.0	0.0	0.0	0.0	0.0	0.0	0.0
ARAP1_NM_001040118	EEE_GAGGAGGAG	622	631	836	0.0	0.0	0.14285714285714285	0.0	0.0	0.0	0.0	0.0	0.0	0.0	0.42857142857142855	0.14285714285714285	0.8571428571428571	0.0	0.42857142857142855	0.2857142857142857	1.7142857142857142	2.7142857142857144	5.857142857142857	2.375	0.2857142857142857	0.0	0.0	0.2857142857142857	0.0	4.714285714285714	0.42857142857142855	0.2857142857142857	0.0	0.0
ARHGAP23_NM_001199417	LLL_CTGCTGCTG	229	238	323	0.0	0.0	0.0	0.0	0.0	0.0	0.0	0.0	0.0	0.0	0.6666666666666666	1.0	0.6666666666666666	0.0	0.0	0.0	0.0	0.0	0.0	0.5	0.0	0.0	0.0	0.0	0.0	0.0	0.0	0.0	0.0	0.0
ARHGAP42_NM_152432	KKK_AAGAAGAAG	490	499	548	0.0	2.0	0.0	0.0	0.0	0.0	0.0	0.0	0.0	0.0	0.0	0.0	0.0	0.0	1.0	5.0	4.0	0.0	0.0	0.2	0.0	0.0	0.0	0.0	2.0	0.0	0.0	0.0	0.0	0.0
ARID1A_NM_006015	QQQQ_CAGCAGCAGCAG	1534	1546	1955	0.0	0.21428571428571427	0.0	0.21428571428571427	0.21428571428571427	0.14285714285714285	0.0	0.35714285714285715	0.42857142857142855	0.0	0.21428571428571427	0.21428571428571427	0.14285714285714285	0.07142857142857142	0.0	0.14285714285714285	0.2857142857142857	0.07142857142857142	0.07142857142857142	0.9285714285714286	0.42857142857142855	0.07142857142857142	0.14285714285714285	0.07142857142857142	0.0	0.0	0.21428571428571427	0.07142857142857142	0.07142857142857142	0.21428571428571427
ARID1A_NM_006015	AAA_GCCGCCGCC	583	592	794	0.0	0.0	0.0	0.0	0.0	0.0	0.0	0.0	0.14285714285714285	0.0	0.0	0.14285714285714285	0.5714285714285714	0.0	0.0	0.14285714285714285	0.0	0.0	0.0	0.0	0.42857142857142855	0.0	0.0	0.0	0.0	0.0	0.0	0.0	0.0	0.0
ARID1B_NM_020732	GGGGGGGG_GGCGGCGGCGGCGGCGGCGGCGGC,GGGG_GGAGGAGGAGGA,GGGGGGGG_GGAGGAGGAGGAGGAGGAGGAGGA	1018	1084	1205	0.0	0.0	0.5	0.16666666666666666	0.0	0.0	0.0	0.3333333333333333	0.0	0.0	0.0	0.0	0.0	0.0	0.16666666666666666	0.0	0.0	0.16666666666666666	0.5	0.125	0.0	0.5	0.0	0.16666666666666666	0.0	0.0	0.0	0.16666666666666666	0.16666666666666666	0.16666666666666666
ARID1B_NM_020732	QQQQQQQ_CAGCAGCAGCAGCAGCAGCAG,QQQQQQQ_CAGCAGCAGCAGCAGCAGCAG,NNN_AACAACAAC,GGG_GGCGGCGGC	439	538	638	0.0	0.16666666666666666	0.0	0.0	0.0	0.0	0.0	0.0	0.0	0.0	0.16666666666666666	0.0	0.16666666666666666	0.8333333333333334	0.0	0.0	0.0	0.3333333333333333	0.0	0.0	0.0	0.0	0.0	0.0	0.0	0.0	0.0	0.0	0.0	0.0
ARID1B_NM_020732	QQQ_CAGCAGCAG	4294	4303	4442	0.75	0.0	0.5	0.0	0.0	0.25	0.0	0.0	0.25	0.25	0.25	0.25	0.75	0.25	0.25	0.0	0.0	0.25	0.0	0.38461538461538464	0.0	0.0	0.25	0.0	0.25	0.0	0.0	0.0	0.25	0.0
ARID1B_NM_020732	GGGG_GGCGGCGGCGGC	757	769	896	0.0	0.0	0.0	0.0	0.0	0.0	0.0	0.0	0.0	0.0	0.0	0.0	0.0	0.0	0.0	0.25	0.25	0.0	0.0	0.3	0.25	0.0	0.0	0.0	0.0	0.0	0.5	0.0	0.0	0.0
ARID2_NM_152641	DDD_GATGATGAT	424	433	743	0.0	0.3	0.0	0.0	0.1	0.1	0.0	0.1	0.0	0.3	0.2	0.4	0.0	0.6	0.4	0.0	0.0	0.1	0.3	0.125	0.0	0.1	0.4	0.2	0.2	0.0	0.1	0.4	0.0	0.1
ARID4B_NM_016374	EEE_GAGGAGGAG	943	952	1007	0.5	0.0	0.5	1.0	0.0	1.0	0.0	0.0	0.0	0.0	0.5	0.0	0.0	0.0	0.0	0.0	0.0	0.5	0.0	0.3333333333333333	0.0	0.0	0.0	0.0	0.0	0.0	0.0	0.0	0.5	0.0
ARMC9_NM_001271466	DDD_GATGATGAT	1846	1855	1919	0.0	0.0	0.0	0.0	0.0	0.0	0.0	0.0	0.0	0.0	0.0	0.0	0.5	0.5	0.0	0.5	0.0	0.5	0.5	0.0	0.0	0.0	0.0	0.0	0.0	0.0	0.0	0.0	0.0	0.0
ARVCF_NM_001670	AAA_GCTGCTGCT	2653	2662	2690	0.0	1.0	0.0	1.0	0.0	0.0	0.0	0.0	0.0	0.0	1.0	1.0	0.0	1.0	1.0	1.0	1.0	0.0	0.0	0.0	0.0	0.0	0.0	0.0	0.0	0.0	0.0	0.0	0.0	0.0
ASAP1_NM_018482	DDD_GATGATGAT	2251	2260	2534	0.1111111111111111	0.0	0.0	0.0	0.0	0.0	0.1111111111111111	0.0	0.0	0.1111111111111111	0.3333333333333333	0.0	0.1111111111111111	0.1111111111111111	0.1111111111111111	0.2222222222222222	0.2222222222222222	0.0	0.0	0.0	0.0	0.0	0.0	0.0	0.0	0.2222222222222222	0.0	0.0	0.2222222222222222	0.2222222222222222
ATAD2_NM_014109	QQQ_CAGCAGCAG	4015	4024	4100	0.5	0.0	0.0	0.0	0.0	0.0	0.0	0.0	0.0	0.0	0.0	0.0	3.0	2.0	0.0	0.0	0.0	0.0	0.0	0.1	0.0	0.0	0.0	2.5	0.0	0.0	0.0	0.0	0.0	0.0
ATAD2_NM_014109	DDDDD_GATGATGATGATGAT,DDDDDDDD_GATGATGATGATGATGATGATGAT	889	931	1145	0.625	0.625	0.625	0.0	0.5	0.25	0.125	0.625	0.125	0.375	0.375	0.25	0.5	1.0	1.0	0.375	0.125	0.375	0.25	0.5384615384615384	0.0	0.0	0.125	0.0	0.125	0.125	0.125	0.125	0.0	0.125
ATF7IP_NM_181352	EEE_GAAGAAGAA	1843	1852	1874	0.0	0.0	0.0	1.0	0.0	1.0	0.0	1.0	2.0	0.0	1.0	3.0	2.0	3.0	3.0	4.0	4.0	2.0	3.0	1.0	2.0	0.0	2.0	0.0	0.0	0.0	1.0	0.0	0.0	0.0
ATRX_NM_000489	QQQ_CAGCAGCAG	7342	7351	7379	0.0	1.0	0.0	1.0	0.0	0.0	0.0	0.0	0.0	0.0	0.0	0.0	0.0	1.0	5.0	4.0	0.0	0.0	0.0	1.3333333333333333	0.0	0.0	0.0	0.0	0.0	0.0	0.0	0.0	0.0	0.0
ATXN2_NM_002973	QQQQQQQQQQQQQ_CAGCAGCAGCAGCAGCAGCAGCAGCAGCAGCAGCAGCAG,QQQQQQQQQ_CAGCAGCAGCAGCAGCAGCAGCAGCAG	595	664	716	0.0	0.0	0.0	0.0	0.25	0.25	0.0	0.75	1.25	0.25	0.5	0.0	0.0	0.0	0.0	0.0	0.0	0.0	0.5	0.75	0.0	0.0	0.0	0.0	0.0	0.0	0.5	0.0	0.0	0.0
ATXN2_NM_002973	GGG_GGCGGCGGC	346	355	590	0.0	0.0	0.0	0.0	0.0	0.0	0.0	0.0	0.0	0.75	1.125	0.25	0.0	0.0	0.0	0.0	0.0	0.25	0.125	1.0	0.25	0.0	0.0	0.0	0.25	0.25	0.0	0.0	0.25	0.0
AXIN1_NM_003502	HHH_CACCACCAC,HHH_CACCACCAC	1687	1714	2213	0.058823529411764705	0.058823529411764705	0.058823529411764705	0.0	0.0	0.0	0.058823529411764705	0.058823529411764705	0.17647058823529413	0.0	0.0	0.11764705882352941	0.17647058823529413	0.058823529411764705	0.058823529411764705	0.058823529411764705	0.0	0.058823529411764705	0.058823529411764705	0.0	0.058823529411764705	0.0	0.0	0.0	0.058823529411764705	0.0	0.058823529411764705	0.0	0.058823529411764705	0.0
BAZ2B_NM_013450	EEEE_GAAGAAGAAGAA,DDD_GATGATGAT	913	958	1205	0.0	0.0	0.2222222222222222	0.2222222222222222	0.4444444444444444	0.0	0.0	0.2222222222222222	0.0	0.5555555555555556	0.3333333333333333	0.3333333333333333	0.1111111111111111	0.0	0.1111111111111111	0.2222222222222222	0.0	0.1111111111111111	0.2222222222222222	0.1875	0.0	0.0	0.0	0.3333333333333333	0.0	0.1111111111111111	0.4444444444444444	0.1111111111111111	0.2222222222222222	0.1111111111111111
BBC3_NM_001127240	GGG_GGAGGAGGA	586	595	785	0.0	0.0	0.0	0.0	0.0	0.3333333333333333	0.0	0.0	0.0	0.5	0.0	0.0	0.3333333333333333	0.3333333333333333	0.5	0.0	0.0	0.0	0.3333333333333333	0.0	0.0	0.0	0.0	0.0	0.0	0.0	0.0	0.16666666666666666	0.0	0.0
BCOR_NM_001123385	DDD_GATGATGAT	4978	4987	5120	0.0	0.75	0.25	0.0	0.0	0.0	0.0	0.25	0.25	0.0	0.5	0.5	0.0	0.0	0.25	0.75	0.25	0.25	0.5	0.09090909090909091	0.0	0.0	0.0	0.0	0.0	0.0	0.0	1.0	0.0	0.0
BCORL1_NM_001184772	SSS_TCCTCCTCC	4204	4213	4463	0.0	0.0	0.0	0.125	0.0	0.125	0.0	0.25	0.125	0.0	0.0	0.0	0.0	0.125	0.125	0.125	0.0	0.0	0.0	0.0	0.0	0.0	0.0	0.0	0.0	0.0	0.125	0.0	0.125	0.0
BEST1_NM_001139443	DDDD_GATGATGATGAT	820	832	1025	0.0	0.0	0.0	0.0	0.0	0.0	0.0	0.0	0.0	0.0	0.0	0.0	0.16666666666666666	0.0	0.16666666666666666	0.16666666666666666	0.0	0.0	0.0	0.14285714285714285	0.0	0.0	0.0	0.0	0.0	0.0	0.0	0.0	0.0	0.0
BMP2K_NM_198892	QQQQQQQQ_CAGCAGCAGCAGCAGCAGCAGCAG,QQQQ_CAGCAGCAGCAG,QQQQQQQQQ_CAGCAGCAGCAGCAGCAGCAGCAGCAG,HHHHHHHH_CACCACCACCACCACCACCACCAC	1477	1582	1658	0.0	0.5	0.16666666666666666	0.0	0.16666666666666666	0.16666666666666666	0.16666666666666666	1.1666666666666667	0.16666666666666666	0.0	0.0	0.0	0.0	0.0	0.0	0.0	0.3333333333333333	0.5	0.3333333333333333	0.16666666666666666	0.0	0.16666666666666666	0.16666666666666666	0.0	0.16666666666666666	0.3333333333333333	0.16666666666666666	1.1666666666666667	0.0	0.0
BMS1_NM_014753	EEE_GAAGAAGAA	2548	2557	2597	0.0	0.0	0.0	0.0	0.0	0.0	0.0	0.0	0.0	1.0	4.0	5.0	4.0	8.0	9.0	3.0	3.0	2.0	1.0	1.4285714285714286	0.0	0.0	2.0	1.0	0.0	4.0	2.0	1.0	2.0	1.0
BOD1L1_NM_148894	NNN_AATAATAAT	3523	3532	3563	0.0	0.0	0.0	0.0	0.0	0.0	0.0	0.0	0.0	0.0	2.0	2.0	0.0	0.0	0.0	1.0	2.0	1.0	0.0	0.25	0.0	0.0	0.0	0.0	4.0	0.0	0.0	0.0	0.0	0.0
BPTF_NM_182641	KKK_AAAAAAAAA,EEEE_GAAGAAGAAGAA	2689	2722	2747	0.0	4.0	0.0	0.0	0.0	0.0	0.0	0.0	0.0	0.0	0.0	0.0	0.0	0.0	0.0	0.0	2.0	3.0	1.0	0.5	0.0	0.0	0.0	0.0	0.0	0.0	0.0	0.0	0.0	2.0
BRD1_NM_001304808	EEE_GAGGAGGAG	2923	2932	3170	0.0	0.0	0.0	0.125	0.0	0.0	0.0	0.25	0.125	0.0	0.5	0.0	0.125	0.125	0.25	0.0	0.0	0.0	0.375	0.4	0.125	0.0	0.125	0.0	0.125	0.0	0.125	0.0	0.0	0.125
BRD3_NM_007371	KKK_AAGAAGAAG	2089	2098	2138	0.0	0.0	0.0	0.0	0.0	0.0	0.0	0.0	0.0	0.0	0.0	0.0	1.0	1.0	1.0	1.0	0.0	0.0	0.0	0.14285714285714285	0.0	0.0	0.0	1.0	0.0	0.0	0.0	0.0	0.0	0.0
C11orf24_NM_022338	KKK_AAGAAGAAG	1384	1393	1418	0.0	0.0	0.0	0.0	0.0	0.0	0.0	0.0	0.0	1.0	0.0	0.0	1.0	1.0	2.0	2.0	0.0	0.0	1.0	0.5	2.0	0.0	0.0	1.0	3.0	1.0	1.0	0.0	0.0	1.0
C19orf47_NM_001256440	EEE_GAGGAGGAG	667	676	986	0.0	0.2	0.0	0.0	0.1	0.0	0.0	0.0	0.3	0.0	0.0	0.1	0.0	0.1	0.1	0.1	0.2	0.0	0.0	0.0625	0.0	0.0	0.0	0.0	0.0	0.0	0.0	0.0	0.0	0.1
C19orf47_NM_001256440	QQQ_CAGCAGCAG	784	793	986	0.3333333333333333	0.16666666666666666	0.0	0.0	0.0	0.0	0.16666666666666666	0.0	0.0	0.0	0.16666666666666666	0.0	0.16666666666666666	0.3333333333333333	0.0	0.0	0.0	0.0	0.0	0.07692307692307693	0.0	0.0	0.0	0.0	0.0	0.0	0.0	0.0	0.0	0.0
CASP7_NM_001267057	KKK_AAGAAGAAG	466	475	542	0.0	0.0	0.0	0.0	0.0	0.0	0.0	0.0	0.0	0.0	0.0	0.0	1.0	3.5	3.0	0.0	0.0	0.0	1.0	1.4285714285714286	2.0	0.0	1.0	0.5	0.5	0.0	0.0	1.5	0.0	0.0
CCDC130_NM_030818	EEEE_GAGGAGGAGGAG	694	706	740	0.0	1.0	1.0	0.0	0.0	0.0	0.0	0.0	0.0	0.0	4.0	3.0	0.0	2.0	2.0	0.0	0.0	1.0	1.0	0.16666666666666666	0.0	0.0	0.0	0.0	0.0	1.0	1.0	0.0	2.0	0.0
CCDC91_NM_018318	EEE_GAAGAAGAA	544	553	587	0.0	0.0	0.0	0.0	0.0	0.0	0.0	2.0	0.0	0.0	1.0	2.0	2.0	4.0	4.0	2.0	3.0	3.0	3.0	1.2	0.0	0.0	0.0	0.0	0.0	0.0	0.0	0.0	0.0	0.0
CCM2L_NM_080625	GGGG_GGCGGCGGCGGC	754	766	1025	0.0	0.0	0.0	0.0	0.0	0.0	0.0	0.0	0.0	0.0	0.0	0.0	0.1111111111111111	0.1111111111111111	0.0	0.0	0.0	0.0	0.1111111111111111	0.0	0.0	0.0	0.0	0.0	0.0	0.0	0.0	0.0	0.0	0.0
CD2AP_NM_012120	KKK_AAGAAGAAG	412	421	488	2.5	0.0	1.0	0.5	0.5	0.0	5.5	0.0	0.0	0.5	0.5	1.5	0.5	0.0	0.5	2.5	2.5	0.5	0.0	0.8571428571428571	0.0	1.0	0.5	0.5	0.0	0.0	0.0	0.0	0.0	0.0
CD79A_NM_001783	LLL_CTGCTGCTG	583	592	674	0.3333333333333333	0.0	0.0	0.0	0.0	0.0	0.0	0.3333333333333333	0.0	0.0	0.0	0.0	0.0	0.0	0.3333333333333333	0.0	0.3333333333333333	0.6666666666666666	0.6666666666666666	0.0	0.0	0.0	0.0	0.3333333333333333	0.0	0.0	0.0	0.0	0.6666666666666666	0.0
CDH15_NM_004933	LLL_CTGCTGCTG	1945	1954	2135	0.0	0.0	0.0	0.0	0.0	0.0	0.0	0.0	0.0	0.0	0.0	0.0	0.16666666666666666	0.0	0.16666666666666666	0.16666666666666666	0.0	0.0	0.16666666666666666	0.0	0.0	0.0	0.0	0.0	0.0	0.0	0.0	0.0	0.0	0.0
CDHR5_NM_021924_1	LLLL_CTGCTGCTGCTG	2131	2143	2423	0.0	1.3333333333333333	0.7777777777777778	1.3333333333333333	1.4444444444444444	0.5555555555555556	0.6666666666666666	0.4444444444444444	4.777777777777778	0.2222222222222222	1.4444444444444444	2.6666666666666665	4.888888888888889	3.0	3.888888888888889	2.111111111111111	0.3333333333333333	0.1111111111111111	0.1111111111111111	3.0625	1.4444444444444444	0.7777777777777778	0.7777777777777778	0.8888888888888888	0.4444444444444444	2.0	0.2222222222222222	3.111111111111111	0.0	0.0
CELSR2_NM_001408	EEE_GAGGAGGAG	8338	8347	8573	0.0	0.14285714285714285	0.0	0.14285714285714285	0.0	0.0	0.8571428571428571	0.2857142857142857	0.2857142857142857	0.14285714285714285	0.5714285714285714	0.7142857142857143	0.2857142857142857	0.0	0.0	0.0	0.7142857142857143	0.14285714285714285	0.42857142857142855	0.3333333333333333	0.0	0.0	0.0	0.14285714285714285	0.0	0.0	0.14285714285714285	0.0	0.0	0.0
CEP170_NM_014812_1	QQQ_CAACAACAA	2344	2353	2549	0.3333333333333333	0.0	0.16666666666666666	0.0	0.0	0.0	0.5	0.0	0.0	0.0	0.3333333333333333	0.3333333333333333	0.0	0.5	0.3333333333333333	0.0	0.0	0.3333333333333333	0.3333333333333333	0.07142857142857142	0.0	1.0	0.0	0.0	0.0	0.0	0.0	0.16666666666666666	0.16666666666666666	0.0
CEP192_NM_032142	DDD_GATGATGAT	739	748	818	0.0	0.0	0.0	0.0	0.0	1.5	0.0	0.0	0.5	0.0	0.0	0.0	0.5	1.0	0.0	0.0	0.5	1.0	0.0	0.125	0.0	0.0	0.0	0.5	0.0	0.0	0.0	0.5	0.0	0.0
CEP350_NM_014810	DDD_GATGATGAT	5521	5530	5639	0.6666666666666666	0.3333333333333333	0.0	0.0	0.0	0.0	0.3333333333333333	0.3333333333333333	0.0	0.0	0.0	0.3333333333333333	0.0	0.0	0.0	0.6666666666666666	0.3333333333333333	0.0	0.0	0.08333333333333333	0.0	0.0	0.0	0.0	0.0	0.0	0.0	0.0	0.3333333333333333	0.0
CHD2_NM_001271	DDD_GATGATGAT	4480	4489	4529	0.0	0.0	0.0	0.0	0.0	0.0	1.0	0.0	0.0	0.0	0.0	4.0	5.0	1.0	0.0	0.0	0.0	0.0	0.0	0.2857142857142857	0.0	0.0	0.0	0.0	0.0	0.0	0.0	0.0	0.0	3.0
CIC_NM_001304815	EEE_GAGGAGGAG	3208	3217	3440	0.0	0.0	0.0	0.14285714285714285	0.0	0.0	0.0	0.14285714285714285	0.0	0.0	0.0	0.14285714285714285	0.0	0.14285714285714285	0.14285714285714285	0.0	0.14285714285714285	0.14285714285714285	0.42857142857142855	0.21428571428571427	0.14285714285714285	0.0	0.2857142857142857	0.14285714285714285	0.0	0.0	0.0	0.0	0.0	0.0
CLDN15_NM_001185080	CCC_TGCTGCTGC	646	655	716	0.0	0.0	0.0	0.0	0.0	0.0	0.0	0.0	0.0	0.0	0.0	0.0	0.0	0.0	0.5	0.0	0.0	0.5	0.5	0.4	0.0	0.0	0.0	0.5	0.0	0.0	0.0	0.5	0.0	0.0
CNTLN_NM_017738	QQQ_CAACAACAA	3073	3082	3212	0.0	0.0	0.0	0.0	0.0	0.5	0.25	0.0	0.0	0.0	0.25	0.75	0.75	0.25	0.0	0.0	0.0	0.0	0.0	0.6	0.0	0.0	0.0	0.0	0.0	0.0	0.0	0.25	0.0	0.0
CNTROB_NM_001037144	EEE_GAAGAAGAA	1165	1174	1400	0.0	0.14285714285714285	0.0	0.0	0.0	0.0	0.0	0.0	0.0	0.14285714285714285	0.0	0.0	0.14285714285714285	0.2857142857142857	0.0	0.2857142857142857	0.0	0.14285714285714285	0.14285714285714285	0.06666666666666667	0.0	0.14285714285714285	0.0	0.0	0.0	0.0	0.0	0.14285714285714285	0.0	0.0
COL5A1_NM_001278074	LLLLLL_CTGCTGCTGCTGCTGCTG	166	184	230	0.0	0.0	0.0	0.0	0.0	0.0	0.0	0.0	0.0	0.0	0.0	0.0	0.0	0.5	1.0	0.0	0.0	0.5	0.0	0.0	0.0	0.5	0.0	0.0	0.0	1.5	0.0	0.0	0.0	0.0
CPEB2_NM_001177382	PPPP_CCGCCGCCGCCG	682	694	1022	0.0	0.09090909090909091	0.0	0.0	0.0	0.0	0.09090909090909091	0.0	0.6363636363636364	0.0	0.0	0.0	0.09090909090909091	0.36363636363636365	0.18181818181818182	0.09090909090909091	0.0	1.2727272727272727	0.0	0.35714285714285715	0.0	0.09090909090909091	0.0	0.0	0.09090909090909091	0.0	0.09090909090909091	0.09090909090909091	0.09090909090909091	0.09090909090909091
CPEB2_NM_001177382	PPPP_CCGCCGCCGCCG	727	739	1022	0.0	0.0	0.0	0.1111111111111111	0.0	0.0	0.7777777777777778	0.0	0.0	0.0	0.0	0.1111111111111111	0.4444444444444444	0.2222222222222222	0.0	0.1111111111111111	0.0	1.5555555555555556	0.0	0.29411764705882354	0.0	0.1111111111111111	0.0	0.0	0.1111111111111111	0.0	0.0	0.0	0.2222222222222222	0.0
CPEB2_NM_001177382	QQQ_CAGCAGCAG,AAA_GCCGCCGCC	1696	1726	1772	0.0	0.0	0.0	0.0	0.0	0.0	0.0	0.0	0.0	0.0	0.0	2.0	0.0	0.0	0.0	0.0	0.5	0.0	1.0	0.14285714285714285	0.5	0.0	1.0	0.0	0.0	0.5	4.0	0.5	0.0	0.0
CREBBP_NM_004380	QQQQ_CAGCAGCAGCAG,QQQ_CAGCAGCAG,QQQQ_CAGCAGCAGCAG	6694	6745	7004	0.2	0.0	0.1	0.4	0.0	0.3	0.0	0.2	0.1	0.2	0.0	0.1	0.1	0.3	0.1	0.2	0.2	0.1	0.0	0.15384615384615385	0.2	0.1	0.4	0.1	0.0	0.0	0.2	0.0	0.0	0.0
CSPP1_NM_024790	EEEE_GAAGAAGAAGAA	2548	2560	2606	0.0	0.0	0.0	0.0	0.0	0.0	0.0	0.0	0.0	0.0	0.0	0.0	0.0	0.0	0.0	0.0	0.0	0.0	0.0	0.3	0.0	0.0	0.0	1.0	0.0	0.0	0.0	0.0	0.0	0.0
CSRNP3_NM_001172173	EEEE_GAGGAGGAGGAG,EEE_GAAGAAGAA,EEEE_GAGGAGGAGGAG	1210	1249	1418	0.0	0.0	0.0	0.0	0.0	0.0	0.0	0.16666666666666666	0.0	0.0	0.0	0.0	0.16666666666666666	0.0	0.16666666666666666	0.16666666666666666	0.0	0.16666666666666666	0.0	0.0	0.16666666666666666	0.0	0.0	0.0	0.0	0.0	0.0	0.0	0.0	0.0
CSRNP3_NM_001172173	EEE_GAGGAGGAG	1120	1129	1418	0.0	0.0	0.0	0.0	0.0	0.0	0.0	0.0	0.0	0.0	0.0	0.1111111111111111	0.0	0.0	0.1111111111111111	0.1111111111111111	0.2222222222222222	0.0	0.1111111111111111	0.0	0.1111111111111111	0.0	0.0	0.0	0.0	0.0	0.0	0.0	0.1111111111111111	0.0
CYBA_NM_000101	EEE_GAGGAGGAG	604	613	671	1.0	1.0	0.0	0.0	0.0	0.5	0.0	0.0	0.0	0.0	1.5	0.5	0.0	0.5	1.5	1.0	1.0	1.5	1.0	1.75	0.0	1.5	1.0	0.0	0.0	0.0	0.0	0.0	0.0	0.0
CYP17A1_NM_000102	KKK_AAGAAGAAG	1072	1081	1355	0.0	0.1111111111111111	0.0	0.0	0.0	0.1111111111111111	0.0	0.0	0.0	0.0	0.1111111111111111	0.0	0.0	0.0	0.0	0.0	0.0	0.0	0.3333333333333333	0.46153846153846156	0.0	0.1111111111111111	0.2222222222222222	0.0	0.0	0.1111111111111111	0.0	0.0	0.0	0.1111111111111111
DCUN1D2_NM_001014283	KKK_AAGAAGAAG	283	292	380	0.0	0.0	0.0	0.0	0.0	0.0	0.0	0.0	0.0	0.0	0.0	0.0	0.0	0.3333333333333333	0.6666666666666666	0.6666666666666666	1.0	0.3333333333333333	0.6666666666666666	0.6	0.0	0.0	0.0	0.3333333333333333	0.0	0.0	0.3333333333333333	0.0	0.3333333333333333	0.6666666666666666
DDX10_NM_004398	KKK_AAGAAGAAG	1036	1045	1157	0.0	0.0	0.0	0.0	0.0	0.5	0.75	0.5	0.25	0.25	1.0	0.25	0.0	0.0	0.75	1.0	0.0	0.0	0.0	0.0	0.25	0.25	0.25	0.0	0.25	0.5	0.0	0.0	0.0	0.0
DDX59_NM_001031725	QQQ_CAACAACAA	1189	1198	1274	0.0	0.0	0.0	0.0	0.0	0.0	0.5	0.0	0.0	2.0	0.0	0.0	2.5	2.0	0.5	1.0	1.0	0.0	0.0	0.1	0.0	0.0	0.0	0.0	0.0	0.5	0.5	0.0	0.0	0.0
DEPDC5_NM_001242896	LLL_CTGCTGCTG	2938	2947	3080	0.0	0.0	0.75	0.0	0.0	0.0	0.0	0.0	0.0	0.0	0.0	0.0	0.0	0.0	0.0	1.0	0.75	0.25	0.5	0.09090909090909091	0.0	0.0	0.0	0.25	0.0	0.25	0.25	0.0	0.0	0.0
DFNA5_NM_004403	QQQ_CAGCAGCAG	1153	1162	1253	0.0	0.0	0.3333333333333333	0.0	0.0	0.0	0.0	0.0	0.0	0.0	0.0	0.0	0.3333333333333333	0.0	0.0	0.0	0.6666666666666666	0.3333333333333333	0.0	0.0	0.3333333333333333	0.0	0.0	0.0	0.0	0.0	0.0	0.0	0.0	0.0
DHX29_NM_019030	EEE_GAAGAAGAA	823	832	857	0.0	1.0	0.0	2.0	0.0	2.0	0.0	1.0	0.0	1.0	2.0	2.0	6.0	4.0	3.0	4.0	2.0	1.0	0.0	0.0	0.0	5.0	0.0	0.0	1.0	0.0	0.0	0.0	0.0	0.0
DHX58_NM_024119	QQQQ_CAGCAGCAGCAG	1261	1273	1310	0.0	0.0	0.0	0.0	0.0	0.0	0.0	0.0	0.0	0.0	0.0	0.0	0.0	0.0	2.0	7.0	5.0	0.0	0.0	0.2857142857142857	0.0	0.0	0.0	0.0	1.0	0.0	0.0	0.0	0.0	0.0
DIDO1_NM_033081	PPP_CCACCACCA	4666	4675	5690	0.058823529411764705	0.058823529411764705	0.029411764705882353	0.08823529411764706	0.2647058823529412	0.35294117647058826	0.11764705882352941	0.11764705882352941	0.17647058823529413	0.11764705882352941	0.14705882352941177	0.20588235294117646	0.35294117647058826	0.029411764705882353	0.08823529411764706	0.20588235294117646	0.08823529411764706	0.17647058823529413	0.08823529411764706	0.17142857142857143	0.14705882352941177	0.14705882352941177	0.20588235294117646	0.14705882352941177	0.058823529411764705	0.029411764705882353	0.35294117647058826	0.058823529411764705	0.058823529411764705	0.058823529411764705
DIEXF_NM_014388	EEE_GAGGAGGAG	367	376	401	0.0	0.0	1.0	0.0	0.0	1.0	0.0	1.0	0.0	0.0	0.0	0.0	0.0	0.0	2.0	2.0	1.0	1.0	0.0	0.5	0.0	0.0	0.0	1.0	0.0	0.0	0.0	0.0	0.0	0.0
DIP2C_NM_014974	AAA_GCGGCGGCG	3394	3403	3542	0.0	0.0	0.25	0.0	0.5	0.0	0.0	0.25	0.5	0.0	0.0	0.0	0.0	0.0	0.0	0.0	0.25	0.5	0.0	0.23076923076923078	0.25	0.0	0.0	0.0	0.0	0.0	0.25	0.0	0.0	0.0
DMD_NM_004006	LLL_CTGCTGCTG	7117	7126	7211	0.0	0.0	4.0	0.0	0.6666666666666666	0.0	0.0	0.0	0.6666666666666666	0.0	0.0	0.3333333333333333	0.0	0.0	1.0	1.0	0.0	1.0	0.6666666666666666	0.25	0.0	0.0	3.0	2.0	0.3333333333333333	1.3333333333333333	0.3333333333333333	0.0	0.3333333333333333	0.6666666666666666
DMKN_NM_033317	SSS_TCCTCCTCC	1033	1042	1229	0.0	0.0	0.0	0.0	0.0	0.0	0.0	0.0	0.0	0.0	0.0	0.0	0.0	0.0	0.0	0.0	0.16666666666666666	0.16666666666666666	0.3333333333333333	0.18181818181818182	0.0	0.0	0.0	0.0	0.0	0.0	0.0	0.0	0.0	0.0
DMTN_NM_001978	EEEE_GAGGAGGAGGAG	751	763	791	0.0	0.0	0.0	0.0	0.0	0.0	0.0	0.0	0.0	0.0	0.0	0.0	0.0	1.0	1.0	3.0	3.0	0.0	0.0	0.25	0.0	0.0	0.0	0.0	0.0	1.0	0.0	0.0	0.0	0.0
DNMT1_NM_001130823	TTT_ACCACCACC	2002	2011	2237	0.0	0.0	0.0	0.14285714285714285	0.0	0.2857142857142857	0.0	0.14285714285714285	0.0	0.0	0.0	0.5714285714285714	0.0	0.14285714285714285	0.0	0.14285714285714285	1.0	0.14285714285714285	0.0	0.26666666666666666	0.0	0.14285714285714285	0.14285714285714285	0.14285714285714285	0.14285714285714285	0.2857142857142857	0.14285714285714285	0.2857142857142857	0.14285714285714285	0.0
DNMT3A_NM_175629	DDD_GACGACGAC	1684	1693	2051	0.08333333333333333	0.08333333333333333	0.0	0.0	0.0	0.0	0.4166666666666667	0.0	0.08333333333333333	0.0	0.25	0.16666666666666666	0.0	0.0	0.0	0.08333333333333333	0.0	0.0	0.0	0.07142857142857142	0.0	0.0	0.08333333333333333	0.0	0.08333333333333333	0.0	0.08333333333333333	0.0	0.0	0.0
DNTTIP2_NM_014597	DDD_GATGATGAT	895	904	935	0.0	0.0	0.0	2.0	0.0	0.0	0.0	0.0	0.0	0.0	5.0	8.0	4.0	0.0	0.0	0.0	2.0	2.0	0.0	0.75	0.0	0.0	0.0	0.0	1.0	0.0	0.0	1.0	0.0	2.0
DROSHA_NM_013235	EEE_GAGGAGGAG	2245	2254	2321	0.0	0.0	0.0	0.0	0.0	0.0	0.0	0.0	0.0	0.0	0.0	0.0	1.0	1.0	0.0	0.0	0.0	0.0	0.5	0.42857142857142855	0.0	0.0	0.5	0.0	0.0	0.0	0.0	0.0	0.0	0.0
DYSF_NM_001130987	QQQ_CAGCAGCAG	5482	5491	5687	0.3333333333333333	0.0	0.3333333333333333	0.5	0.16666666666666666	0.8333333333333334	1.6666666666666667	0.0	0.16666666666666666	0.0	0.3333333333333333	0.16666666666666666	0.0	0.16666666666666666	0.16666666666666666	0.3333333333333333	0.16666666666666666	0.0	0.16666666666666666	0.5	0.5	0.5	0.16666666666666666	0.16666666666666666	0.16666666666666666	0.16666666666666666	0.0	0.3333333333333333	0.0	0.16666666666666666
EIF4G3_NM_001198801	DDD_GATGATGAT	1090	1099	1124	0.0	0.0	0.0	0.0	0.0	0.0	0.0	1.0	0.0	0.0	2.0	2.0	4.0	2.0	0.0	0.0	1.0	2.0	1.0	0.0	0.0	0.0	0.0	0.0	0.0	0.0	0.0	1.0	0.0	0.0
ELMSAN1_NM_194278	QQQQQ_CAGCAGCAGCAGCAG,QQQQQQQQ_CAGCAGCAGCAGCAGCAGCAGCAG	841	886	1052	0.8571428571428571	0.0	0.42857142857142855	0.14285714285714285	0.0	0.14285714285714285	0.14285714285714285	0.5714285714285714	0.0	0.0	0.0	0.0	0.42857142857142855	0.14285714285714285	0.14285714285714285	0.0	0.0	0.14285714285714285	0.2857142857142857	0.0	0.0	0.14285714285714285	0.0	0.0	0.0	0.0	0.0	0.0	0.14285714285714285	0.0
EML3_NM_001300793	SSS_AGCAGCAGC	478	487	647	0.0	0.0	0.0	0.0	0.0	0.0	0.0	0.2	0.2	0.2	0.0	0.4	0.0	0.0	0.0	0.6	0.0	0.0	0.0	0.18181818181818182	0.0	0.0	0.0	0.0	0.0	0.0	0.6	0.0	0.2	0.2
ENAM_NM_031889	PPP_CCACCACCA	640	649	932	0.0	0.0	0.0	0.0	0.0	0.0	0.0	0.0	0.0	0.0	0.0	0.0	0.3333333333333333	0.0	0.0	0.0	0.1111111111111111	0.1111111111111111	0.0	0.0625	0.0	0.0	0.0	0.0	0.0	0.0	0.0	0.0	0.0	0.0
EP300_NM_001429	QQQQ_CAGCAGCAGCAG	6763	6775	6827	0.0	0.0	0.0	0.0	0.0	0.5	0.5	1.0	0.0	0.5	0.0	0.0	1.0	1.5	0.5	0.0	0.5	1.5	2.0	0.3333333333333333	0.5	0.0	0.0	0.0	1.0	0.0	0.0	0.5	0.5	0.0
EP400_NM_015409	QQQ_CAGCAGCAG	1696	1705	1853	0.0	0.0	0.0	0.0	0.0	0.0	0.0	0.2	0.0	0.2	0.2	0.0	0.0	0.0	0.0	0.2	0.0	0.0	0.0	0.14285714285714285	0.2	0.2	0.0	0.0	0.0	0.0	0.0	0.0	0.2	0.2
ERICH1_NM_207332	RRR_AGAAGAAGA	430	439	494	0.0	0.0	0.0	1.0	0.0	0.0	0.0	0.0	0.5	0.0	0.5	0.0	0.5	0.5	0.0	1.0	1.0	0.0	0.5	0.0	0.0	0.0	0.0	0.0	0.0	0.0	1.0	0.0	0.0	0.0
ESPL1_NM_012291	LLL_CTGCTGCTG	2737	2746	2912	0.4	0.4	0.0	0.0	0.0	0.0	0.2	0.0	0.0	0.0	0.0	0.4	0.0	0.2	0.0	0.0	0.0	0.0	0.0	0.15384615384615385	0.0	0.0	0.0	0.0	0.0	0.0	0.0	0.0	0.0	0.0
FAM102A_NM_001035254	SSS_AGCAGCAGC	889	898	920	0.0	0.0	0.0	0.0	0.0	0.0	0.0	0.0	0.0	0.0	0.0	2.0	2.0	2.0	2.0	1.0	1.0	0.0	0.0	0.0	0.0	0.0	0.0	0.0	0.0	0.0	0.0	0.0	0.0	0.0
FAM160A2_NM_032127	EEEE_GAGGAGGAGGAG	2248	2260	2432	0.16666666666666666	0.16666666666666666	0.0	0.0	0.0	0.0	0.16666666666666666	0.0	0.0	0.0	0.16666666666666666	0.0	0.16666666666666666	0.0	0.16666666666666666	0.16666666666666666	0.0	0.0	0.3333333333333333	0.5714285714285714	0.0	0.0	0.0	0.0	0.0	0.0	0.16666666666666666	0.0	0.5	0.0
FAM193A_NM_001256666	KKK_AAGAAGAAG	3562	3571	3710	0.25	0.25	0.0	0.0	0.25	0.0	0.0	0.0	0.0	0.75	0.5	0.0	0.0	0.0	0.0	0.0	0.5	0.5	0.0	0.07692307692307693	0.0	0.0	0.0	0.0	0.0	0.0	0.0	0.0	0.0	0.0
FAM216A_NM_013300	GGG_GGCGGCGGC	232	241	311	1.0	0.0	0.0	0.0	0.0	0.5	0.0	0.0	0.0	0.0	0.0	0.0	0.0	0.0	0.0	0.5	0.5	0.5	0.5	0.625	0.0	0.0	0.0	0.0	0.0	0.0	0.0	0.0	0.0	0.0
FAM21A_NM_001005751	DDD_GATGATGAT	2749	2758	2810	0.0	0.0	0.0	0.0	0.5	0.0	0.0	0.0	0.0	0.0	0.0	0.0	0.0	0.0	0.0	0.0	1.5	0.5	0.5	0.5	0.0	0.0	0.0	0.5	1.0	0.0	0.0	0.0	0.0	0.5
FAM21C_NM_015262	EEE_GAGGAGGAG	778	787	848	0.0	0.0	0.0	0.0	0.0	0.5	0.0	0.0	0.0	0.0	0.0	0.0	0.0	0.0	0.0	0.0	1.5	3.5	0.0	0.2	0.5	0.0	0.5	0.0	0.0	0.0	0.0	0.0	0.0	0.5
FAM35A_NM_019054	EEE_GAAGAAGAA	499	508	668	1.2	1.0	0.4	0.6	0.4	0.4	0.4	0.6	0.2	0.4	0.6	0.6	1.0	1.0	0.4	1.4	0.8	0.4	0.8	0.2727272727272727	0.8	0.0	0.0	0.8	0.6	0.2	0.0	0.0	0.0	0.0
FAM83D_NM_030919	AAAAAA_GCGGCGGCGGCGGCGGCG	427	445	677	0.0	0.0	0.0	0.0	0.0	0.0	0.0	0.125	0.0	0.125	0.0	0.0	0.125	0.0	0.0	0.0	0.0	0.125	0.0	0.2727272727272727	0.0	0.0	0.0	0.0	0.0	0.0	0.25	0.25	0.125	0.0
FAM83H_NM_198488_1	QQQ_CAGCAGCAG	1462	1471	1733	0.0	0.1111111111111111	0.0	0.0	0.0	0.0	0.0	0.0	0.0	0.3333333333333333	0.3333333333333333	0.1111111111111111	0.1111111111111111	0.6666666666666666	0.0	0.0	0.0	0.1111111111111111	0.0	0.0	0.0	0.0	0.0	0.0	0.0	0.1111111111111111	0.1111111111111111	0.0	0.0	0.0
FAM98B_NM_173611	GGG_GGAGGAGGA	1183	1192	1418	0.2857142857142857	0.42857142857142855	0.0	0.14285714285714285	0.14285714285714285	0.2857142857142857	0.0	0.0	0.0	0.0	0.0	0.0	0.0	0.14285714285714285	0.7142857142857143	0.7142857142857143	0.42857142857142855	0.5714285714285714	0.0	0.2	0.0	0.0	0.0	0.0	0.0	0.0	0.0	0.0	0.0	0.0
FBN1_NM_000138	KKK_AAGAAGAAG	8554	8563	8636	0.0	0.5	0.0	1.0	0.0	1.0	0.0	0.0	0.0	0.0	0.5	0.5	0.0	1.0	0.0	0.0	0.0	0.5	1.0	0.2222222222222222	1.5	1.0	0.0	0.0	0.0	0.0	0.5	0.0	1.0	0.0
FBRSL1_NM_001142641	RRRRR_CGCCGCCGCCGCCGC,EEE_GAGGAGGAG	301	340	407	0.0	0.0	0.0	0.0	0.0	0.0	0.0	0.0	0.3333333333333333	0.0	0.0	0.3333333333333333	0.0	0.0	0.6666666666666666	0.3333333333333333	0.0	0.0	0.6666666666666666	0.0	0.0	0.0	0.0	0.0	0.6666666666666666	0.0	0.0	0.0	0.3333333333333333	0.0
FBXO21_NM_033624	LLL_CTCCTCCTC	1375	1384	1445	0.0	0.0	1.0	0.0	0.0	0.5	0.0	0.0	0.0	0.0	0.0	0.5	0.0	0.0	0.0	1.0	2.0	1.0	0.0	0.4	0.0	0.0	0.5	0.0	0.0	0.0	0.5	0.5	0.0	0.0
FBXO33_NM_203301	RRR_CGGCGGCGG	259	268	326	1.5	0.0	0.0	0.0	0.0	0.0	0.0	0.0	0.0	0.0	0.0	0.0	1.0	0.5	0.0	0.0	0.0	0.5	0.0	0.0	0.0	0.0	0.0	0.0	0.0	0.0	0.0	0.5	0.0	0.0
FBXW4_NM_022039	LLL_CTGCTGCTG	202	211	314	0.6666666666666666	0.0	0.3333333333333333	0.3333333333333333	0.0	0.0	0.0	0.0	0.0	0.0	0.0	0.3333333333333333	0.3333333333333333	0.3333333333333333	0.3333333333333333	0.3333333333333333	0.0	0.3333333333333333	0.0	0.6	0.0	0.0	0.0	0.0	0.0	0.0	0.0	0.6666666666666666	0.0	0.3333333333333333
FGFR1OP_NM_007045	KKK_AAGAAGAAG	643	652	791	1.5	1.0	0.25	0.5	0.0	0.75	0.25	0.25	0.25	0.0	0.5	0.0	0.5	1.5	1.75	0.5	0.75	0.75	0.0	1.0	0.0	0.75	0.0	2.0	0.0	0.5	0.0	0.5	0.5	1.25
FOXK2_NM_004514	GGGG_GGCGGCGGCGGC	358	370	557	0.0	0.0	0.0	0.0	0.0	0.0	0.16666666666666666	0.0	0.0	0.16666666666666666	0.0	0.16666666666666666	0.16666666666666666	0.0	0.0	0.16666666666666666	0.0	0.16666666666666666	0.0	0.16666666666666666	0.16666666666666666	0.5	0.3333333333333333	0.0	0.3333333333333333	0.0	0.0	0.0	0.0	0.0
FUT11_NM_173540	RRR_CGCCGCCGC	709	718	812	0.0	0.3333333333333333	0.0	0.6666666666666666	0.3333333333333333	0.0	0.0	0.0	0.0	0.0	0.0	0.0	0.3333333333333333	0.6666666666666666	0.6666666666666666	0.3333333333333333	0.0	0.0	0.3333333333333333	0.2857142857142857	0.0	0.0	0.0	0.0	0.3333333333333333	0.3333333333333333	0.0	2.0	0.3333333333333333	0.0
FZD1_NM_003505	PPPP_CCGCCGCCGCCG	364	376	569	0.0	0.0	0.0	0.0	0.0	0.0	0.0	0.16666666666666666	0.16666666666666666	0.0	0.0	0.16666666666666666	0.8333333333333334	0.0	0.16666666666666666	0.0	0.0	0.0	0.16666666666666666	0.21428571428571427	0.0	0.16666666666666666	0.0	0.0	0.0	0.0	0.0	0.0	0.0	0.0
G2E3_NM_017769	KKK_AAAAAAAAA	1171	1180	1229	0.0	0.0	0.0	0.0	0.0	0.0	0.0	1.0	0.0	0.0	0.0	0.0	0.0	0.0	0.0	0.0	3.0	5.0	2.0	0.4	0.0	0.0	0.0	0.0	0.0	0.0	0.0	0.0	0.0	1.0
G6PD_NM_000402	RRRR_CGACGACGACGA	163	175	212	0.0	0.0	0.0	0.0	0.0	0.0	0.0	0.0	0.0	0.0	2.0	4.0	3.0	1.0	0.0	1.0	1.0	0.0	0.0	0.0	0.0	0.0	0.0	0.0	0.0	0.0	0.0	0.0	0.0	0.0
GATA6_NM_005257	HHHHHHHHH_CACCACCACCACCACCACCACCACCAC	1069	1096	1136	0.5	0.0	0.0	0.0	0.0	0.0	1.5	0.0	0.0	0.0	0.0	0.0	0.0	0.0	1.5	1.5	2.0	2.0	0.0	0.5	1.0	0.5	0.0	0.0	0.0	0.0	0.0	0.0	0.0	0.0
GGT5_NM_001099781	QQQ_CAGCAGCAG	283	292	398	0.0	0.6666666666666666	0.3333333333333333	1.0	0.6666666666666666	1.6666666666666667	1.0	1.0	1.6666666666666667	1.0	0.6666666666666666	3.0	4.666666666666667	1.3333333333333333	0.3333333333333333	0.3333333333333333	1.0	0.3333333333333333	0.0	0.6363636363636364	1.6666666666666667	0.6666666666666666	0.0	0.3333333333333333	1.0	0.3333333333333333	0.0	0.6666666666666666	0.3333333333333333	1.3333333333333333
GIGYF2_NM_001103147	QQQQQ_CAGCAGCAGCAGCAG,LLL_CTTCTTCTT	2113	2143	2162	0.0	0.0	0.0	0.0	0.0	0.0	3.0	1.0	0.0	0.0	0.0	0.0	0.0	0.0	0.0	0.0	4.0	4.0	0.0	0.42857142857142855	3.0	0.0	2.0	0.0	0.0	1.0	0.0	2.0	1.0	1.0
GIGYF2_NM_001103147	QQQQ_CAGCAGCAGCAG,QQQQQQ_CAGCAGCAGCAGCAGCAG	3775	3811	3866	0.3333333333333333	0.0	0.0	0.0	0.0	0.0	0.3333333333333333	0.0	0.0	0.6666666666666666	0.0	0.0	0.0	0.3333333333333333	0.6666666666666666	0.3333333333333333	0.3333333333333333	1.0	0.6666666666666666	1.0	0.0	0.0	1.3333333333333333	0.0	0.0	1.0	0.3333333333333333	1.3333333333333333	0.0	1.3333333333333333
GLIS3_NM_001042413	DDD_GACGACGAC	1561	1570	1766	0.0	0.0	0.0	0.0	0.0	0.0	0.0	0.0	0.0	0.0	0.0	0.0	0.0	0.0	0.16666666666666666	0.16666666666666666	0.16666666666666666	0.16666666666666666	0.0	0.07142857142857142	0.0	0.0	0.0	0.0	0.0	0.0	0.0	0.0	0.0	0.0
GMNC_NM_001146686	EEE_GAAGAAGAA	391	400	446	1.0	0.0	0.0	1.0	0.0	0.0	0.0	1.0	1.0	0.0	1.0	0.0	0.0	0.0	1.0	1.0	0.0	1.0	1.0	0.4444444444444444	0.0	0.0	0.0	1.0	0.0	1.0	0.0	0.0	0.0	1.0
GPR155_NM_001033045	EEE_GAAGAAGAA	2026	2035	2066	0.0	0.0	0.0	0.0	0.0	0.0	0.0	0.0	0.0	0.0	0.0	0.0	0.0	2.0	3.0	1.0	0.0	3.0	4.0	0.5	0.0	0.0	0.0	0.0	0.0	0.0	0.0	4.0	0.0	0.0
GTF2A1_NM_015859	QQQQ_CAGCAGCAGCAG	328	340	476	0.5	3.75	1.0	0.0	0.25	1.0	0.25	0.25	1.25	1.75	1.5	1.25	1.5	4.5	3.75	1.75	0.25	0.75	0.25	1.8461538461538463	0.75	2.0	0.0	0.0	0.0	0.0	1.0	0.25	1.0	0.25
HDAC1_NM_004964	YYY_TACTACTAC	136	145	191	1.0	0.0	0.0	1.0	0.0	0.0	0.0	1.0	0.0	1.0	3.0	3.0	3.0	1.0	3.0	5.0	4.0	3.0	1.0	1.4444444444444444	2.0	0.0	0.0	0.0	1.0	1.0	5.0	5.0	0.0	0.0
HEATR6_NM_022070	EEE_GAGGAGGAG	1087	1096	1121	0.0	0.0	0.0	0.0	0.0	1.0	0.0	0.0	0.0	0.0	0.0	1.0	1.0	0.0	0.0	1.0	1.0	0.0	0.0	0.5	0.0	0.0	0.0	0.0	0.0	0.0	0.0	0.0	0.0	0.0
HECTD3_NM_024602	QQQ_CAGCAGCAG	589	598	653	0.0	0.0	0.0	0.0	0.0	0.0	0.0	0.0	0.0	0.0	0.0	2.0	2.0	0.5	0.0	0.0	0.5	1.0	0.0	0.0	0.0	0.0	0.0	0.0	3.5	0.0	0.5	0.0	0.0	0.0
HGSNAT_NM_152419	GGG_GGAGGAGGA	877	886	926	0.0	0.0	0.0	0.0	0.0	0.0	0.0	0.0	0.0	0.0	2.0	1.0	0.0	3.0	3.0	1.0	1.0	0.0	0.0	1.1428571428571428	0.0	0.0	0.0	0.0	0.0	0.0	0.0	0.0	1.0	0.0
HIRA_NM_003325	KKK_AAGAAGAAG	2017	2026	2096	0.0	0.0	0.0	0.0	0.0	0.0	1.0	0.5	0.0	0.0	0.0	0.0	0.5	0.0	0.0	0.0	0.0	0.0	0.0	0.375	0.0	0.0	0.0	0.0	0.0	0.0	0.0	0.0	0.0	0.0
HIRA_NM_003325	QQQQQ_CAGCAGCAGCAGCAG	1321	1336	1439	0.0	0.0	0.0	0.0	0.0	0.0	0.0	0.3333333333333333	0.6666666666666666	0.3333333333333333	0.6666666666666666	0.6666666666666666	1.0	1.0	0.3333333333333333	0.0	0.0	0.0	0.0	0.25	0.0	0.3333333333333333	0.0	0.6666666666666666	0.0	0.0	0.0	0.0	0.3333333333333333	0.0
HLA-DMA_NM_006120	FFF_TTCTTCTTC	304	313	425	0.0	0.25	0.0	1.5	0.25	1.5	0.5	0.5	1.0	1.0	0.75	0.5	1.25	1.25	2.0	1.25	3.5	2.25	1.25	1.5	0.5	1.25	0.5	0.0	0.75	0.0	0.0	0.0	0.25	0.0
HMGXB4_NM_001003681	KKK_AAGAAGAAG	316	325	440	0.0	0.0	0.0	0.0	0.0	0.0	0.25	0.25	0.0	0.0	0.0	0.0	0.75	0.5	1.0	1.0	0.75	0.5	0.5	1.0	0.0	0.25	0.0	0.0	0.0	0.25	0.0	0.0	0.0	0.0
HOOK2_NM_013312	LLLL_CTGCTGCTGCTG	811	823	950	0.0	0.25	0.0	0.0	0.25	0.25	0.0	0.0	0.0	0.0	0.0	0.0	0.25	0.25	0.0	0.5	0.5	0.0	0.0	0.5	0.0	0.0	0.0	0.75	0.25	0.0	0.0	0.0	0.0	0.0
HPS5_NM_181507	GGG_GGAGGAGGA	256	265	377	0.0	0.75	1.25	0.0	0.0	0.25	0.0	0.25	0.0	0.25	0.0	0.75	0.5	0.5	0.5	0.25	0.25	0.5	0.0	0.0	0.25	0.75	0.0	0.25	1.75	0.0	0.0	1.5	0.0	0.0
HRG_NM_000412	HHH_CATCATCAT	955	964	1415	44.86666666666667	85.6	96.66666666666667	34.333333333333336	45.0	100.53333333333333	128.93333333333334	98.86666666666666	91.8	68.86666666666666	97.46666666666667	45.266666666666666	54.733333333333334	191.06666666666666	46.0	113.6	85.8	60.4	187.33333333333334	113.05555555555556	34.86666666666667	225.8	47.93333333333333	41.666666666666664	63.13333333333333	28.333333333333332	3.2666666666666666	1.7333333333333334	0.0	0.0
HRG_NM_000412	NNN_AATAATAAT	1126	1135	1415	69.55555555555556	134.0	25.88888888888889	186.11111111111111	23.666666666666668	71.33333333333333	40.55555555555556	31.88888888888889	140.11111111111111	129.0	83.11111111111111	44.888888888888886	48.44444444444444	197.55555555555554	55.666666666666664	79.33333333333333	41.0	243.55555555555554	89.55555555555556	134.73333333333332	31.333333333333332	255.88888888888889	107.22222222222223	87.33333333333333	32.55555555555556	38.888888888888886	44.0	85.0	27.77777777777778	26.22222222222222
HSD11B2_NM_000196	RRR_CGCCGCCGC	1102	1111	1286	0.3333333333333333	0.0	0.0	0.0	0.0	0.16666666666666666	0.0	0.0	0.0	0.0	0.0	0.0	0.0	0.0	0.0	0.16666666666666666	0.16666666666666666	0.6666666666666666	0.16666666666666666	0.0	0.0	0.0	0.0	0.0	0.0	0.0	0.0	0.0	0.0	0.0
HUWE1_NM_031407	SSS_AGCAGCAGC	7876	7885	7925	10.0	0.0	0.0	0.0	0.0	0.0	0.0	0.0	0.0	1.0	0.0	0.0	1.0	1.0	0.0	0.0	0.0	0.0	0.0	0.2857142857142857	0.0	0.0	0.0	0.0	0.0	0.0	0.0	0.0	0.0	0.0
IFI16_NM_001206567	III_ATCATCATC	703	712	746	0.0	0.0	1.0	1.0	1.0	0.0	0.0	0.0	7.0	0.0	0.0	0.0	0.0	0.0	2.0	5.0	3.0	0.0	3.0	2.4	1.0	0.0	0.0	0.0	0.0	1.0	0.0	0.0	0.0	1.0
INTS1_NM_001080453	SSS_AGCAGCAGC	2572	2581	2660	1.0	0.0	0.5	0.0	0.0	0.0	1.5	0.0	0.0	0.0	0.5	0.0	0.0	0.0	0.0	0.0	0.5	0.0	0.0	0.18181818181818182	0.5	0.0	0.0	0.0	0.0	0.0	0.0	1.0	0.0	2.0
INTS1_NM_001080453	LLL_CTGCTGCTG,EEE_GAGGAGGAG	4855	4876	4955	0.0	0.0	0.0	0.0	0.0	0.0	0.0	0.0	0.0	0.0	0.3333333333333333	0.6666666666666666	0.0	0.0	0.0	0.3333333333333333	0.0	0.0	0.0	0.16666666666666666	0.0	0.3333333333333333	0.0	0.0	0.0	0.0	0.3333333333333333	0.0	0.0	0.0
INTS8_NM_017864	VVV_GTTGTTGTT	2257	2266	2324	0.0	0.0	0.0	0.0	0.0	0.0	0.5	0.0	0.0	0.0	0.0	1.0	0.0	0.5	0.0	0.5	0.0	0.5	0.5	0.0	0.0	0.0	0.5	0.0	0.0	0.0	0.5	0.5	0.0	0.0
IQSEC1_NM_001134382	HHHHH_CACCACCACCACCAC	3226	3241	3458	0.14285714285714285	0.0	0.0	0.0	0.0	0.14285714285714285	0.2857142857142857	0.0	0.0	0.0	0.14285714285714285	0.5714285714285714	0.2857142857142857	0.5714285714285714	0.0	0.14285714285714285	0.42857142857142855	0.0	0.0	0.07142857142857142	0.0	0.0	0.14285714285714285	0.0	0.0	0.0	0.0	0.0	0.0	0.0
ISY1-RAB43_NM_001204890	EEE_GAGGAGGAG	709	718	1088	0.0	0.0	0.3333333333333333	0.08333333333333333	0.16666666666666666	0.25	0.6666666666666666	0.16666666666666666	0.0	0.0	0.0	0.08333333333333333	0.25	0.08333333333333333	0.08333333333333333	0.16666666666666666	0.08333333333333333	0.6666666666666666	0.25	0.4444444444444444	0.4166666666666667	0.5	0.0	0.0	0.0	0.0	0.0	0.0	0.0	0.0
ISY1-RAB43_NM_001204890	EEE_GAGGAGGAG	754	763	1088	0.36363636363636365	0.09090909090909091	0.18181818181818182	0.18181818181818182	0.45454545454545453	0.36363636363636365	0.18181818181818182	0.0	0.0	0.0	0.09090909090909091	0.2727272727272727	0.09090909090909091	0.09090909090909091	0.09090909090909091	0.2727272727272727	0.45454545454545453	0.36363636363636365	0.2727272727272727	0.5	0.2727272727272727	0.7272727272727273	0.0	0.0	0.0	0.0	0.0	0.0	0.0	0.0
JADE2_NM_001289985	PPPPP_CCACCACCACCACCA	2095	2110	2282	0.16666666666666666	0.0	0.16666666666666666	0.0	0.0	0.16666666666666666	0.0	0.16666666666666666	0.0	0.0	0.0	0.5	0.0	0.16666666666666666	0.16666666666666666	0.16666666666666666	0.3333333333333333	0.16666666666666666	0.0	0.0	0.0	0.0	0.0	0.0	0.0	0.0	0.0	0.0	0.0	0.16666666666666666
JMJD1C_NM_032776	QQQ_CAACAACAA	2593	2602	2789	0.0	0.0	0.0	0.0	0.0	0.0	0.0	0.16666666666666666	0.0	0.3333333333333333	0.3333333333333333	0.8333333333333334	0.0	0.0	0.0	0.3333333333333333	0.6666666666666666	0.3333333333333333	0.5	0.2727272727272727	0.0	0.16666666666666666	0.0	0.0	0.16666666666666666	0.3333333333333333	0.0	0.0	0.16666666666666666	0.8333333333333334
KAT6A_NM_006766	QQQQ_CAGCAGCAGCAG	5038	5050	5222	0.3333333333333333	0.0	0.0	0.16666666666666666	0.16666666666666666	0.16666666666666666	0.0	0.0	0.0	0.0	0.16666666666666666	0.3333333333333333	0.3333333333333333	0.0	0.0	0.0	0.0	0.0	0.0	0.2857142857142857	0.16666666666666666	0.0	0.0	0.3333333333333333	0.6666666666666666	0.0	0.0	0.0	0.16666666666666666	0.16666666666666666
KAT6B_NM_012330	EEE_GAAGAAGAA,EEEE_GAGGAGGAGGAG,EEE_GAGGAGGAG	3307	3340	3440	0.0	0.0	0.0	0.0	0.0	0.25	0.0	0.0	0.0	0.0	0.0	0.0	0.0	0.0	0.0	0.0	0.0	0.75	1.25	0.0	0.0	0.25	0.0	0.0	0.0	0.0	0.0	0.25	0.5	0.0
KCMF1_NM_020122	TTT_ACAACAACA	223	232	269	0.0	1.0	4.0	10.0	0.0	0.0	4.0	0.0	0.0	4.0	4.0	1.0	1.0	1.0	0.0	0.0	1.0	1.0	0.0	1.0	0.0	0.0	0.0	0.0	0.0	0.0	0.0	0.0	0.0	0.0
KDM6A_NM_001291415	RRR_AGGAGGAGG	3472	3481	3503	1.0	0.0	0.0	0.0	0.0	0.0	0.0	1.0	0.0	0.0	2.0	1.0	1.0	1.0	0.0	0.0	1.0	1.0	0.0	0.0	0.0	0.0	1.0	0.0	0.0	1.0	0.0	0.0	0.0	0.0
KDR_NM_002253	EEE_GAGGAGGAG	3706	3715	3803	2.3333333333333335	0.3333333333333333	0.0	0.6666666666666666	0.6666666666666666	0.6666666666666666	0.0	0.0	0.0	0.0	1.0	0.3333333333333333	0.3333333333333333	1.6666666666666667	2.0	3.6666666666666665	0.3333333333333333	1.3333333333333333	1.0	0.4	0.0	0.6666666666666666	6.333333333333333	0.6666666666666666	0.0	0.0	2.0	0.0	0.6666666666666666	0.0
KIAA0355_NM_014686	QQQ_CAGCAGCAG	2257	2266	2483	0.2857142857142857	0.0	0.0	0.14285714285714285	0.14285714285714285	0.2857142857142857	0.0	0.0	0.14285714285714285	0.5714285714285714	0.42857142857142855	0.0	0.0	0.0	0.0	0.0	0.0	0.14285714285714285	0.5714285714285714	0.08333333333333333	0.0	0.14285714285714285	0.14285714285714285	0.0	0.2857142857142857	0.0	0.0	0.0	0.14285714285714285	0.0
KIAA1211L_NM_207362	AAA_GCCGCCGCC	1699	1708	2210	0.0	0.0	0.0	0.058823529411764705	0.0	0.0	0.11764705882352941	0.0	0.0	0.0	0.0	0.11764705882352941	0.0	0.0	0.0	0.0	0.0	0.0	0.0	0.058823529411764705	0.0	0.0	0.0	0.0	0.0	0.0	0.0	0.0	0.0	0.0
KIAA1522_NM_020888	KKK_AAGAAGAAG	238	247	368	0.0	0.0	0.0	0.0	0.0	0.0	0.0	0.0	0.0	0.0	0.0	0.0	0.0	0.0	0.25	0.25	0.0	0.0	0.0	0.42857142857142855	0.0	0.0	0.0	0.0	0.0	0.25	0.0	0.0	0.0	0.0
KIF2A_NM_001098511	EEE_GAAGAAGAA	2011	2020	2069	0.0	0.0	0.0	0.0	0.0	0.0	0.0	0.0	0.0	0.0	1.0	1.0	2.0	1.0	0.0	0.0	0.0	0.0	0.0	0.0	0.0	0.0	0.0	0.0	0.0	0.0	0.0	0.0	0.0	1.0
KIF3B_NM_004798	EEEEE_GAGGAGGAGGAGGAG	1282	1297	1388	0.0	0.0	0.0	0.0	0.0	0.0	0.0	0.0	0.0	0.0	0.0	0.3333333333333333	0.3333333333333333	0.6666666666666666	1.3333333333333333	0.6666666666666666	0.3333333333333333	0.6666666666666666	0.0	0.0	0.0	0.3333333333333333	0.3333333333333333	0.0	0.0	0.0	0.0	0.0	0.0	0.0
KLHL42_NM_020782	LLL_CTGCTGCTG	457	466	644	0.0	0.0	0.0	0.16666666666666666	0.0	0.0	0.0	0.16666666666666666	0.0	0.0	0.0	0.6666666666666666	0.0	0.0	0.3333333333333333	0.0	0.16666666666666666	0.16666666666666666	0.0	0.0	0.0	0.16666666666666666	0.16666666666666666	0.0	0.0	0.0	0.0	0.16666666666666666	0.0	0.0
KMT2B_NM_014727	EEE_GAGGAGGAG,EEE_GAGGAGGAG	427	466	599	0.0	0.0	0.0	0.0	0.0	0.0	0.0	0.0	0.0	0.2	0.6	0.0	0.0	0.0	0.2	0.2	0.0	0.2	0.0	0.0	0.0	0.0	0.2	0.0	0.2	0.2	0.4	0.0	0.0	0.0
KMT2D_NM_003482	QQQQQ_CAGCAGCAGCAGCAG,QQQQQQQ_CAGCAGCAGCAGCAGCAGCAG	11800	11857	12035	0.0	0.0	0.14285714285714285	0.0	0.0	0.0	0.0	0.0	0.0	0.0	0.14285714285714285	0.0	0.0	0.14285714285714285	0.0	0.0	0.2857142857142857	0.14285714285714285	0.0	0.2	0.14285714285714285	0.42857142857142855	0.14285714285714285	0.0	0.0	0.0	0.0	0.0	0.14285714285714285	0.0
KMT2D_NM_003482	IIII_ATCATCATCATC	16579	16591	16625	0.0	0.0	0.0	0.0	0.0	0.0	0.0	0.0	0.0	0.0	0.0	0.0	0.0	0.0	0.0	0.0	0.0	0.0	1.0	0.5	0.0	0.0	1.0	0.0	0.0	0.0	0.0	0.0	0.0	0.0
KMT2D_NM_003482	QQQ_CAGCAGCAG	11368	11377	11588	0.14285714285714285	0.0	0.0	0.0	0.0	0.14285714285714285	0.0	0.0	0.0	0.5714285714285714	0.2857142857142857	0.0	0.0	0.14285714285714285	0.14285714285714285	0.0	0.0	0.0	0.0	0.0	0.0	0.0	0.14285714285714285	0.0	0.0	0.0	0.0	0.0	0.0	0.0
LENG8_NM_052925	QQQQ_CAGCAGCAGCAG	343	355	416	0.0	0.5	1.5	0.5	0.0	0.0	0.5	1.5	0.0	1.0	0.0	0.0	0.0	1.0	0.5	0.5	0.5	0.5	0.0	0.3333333333333333	0.0	0.5	0.0	2.0	1.0	0.5	0.0	0.5	0.0	0.0
LILRB2_NM_005874_3	LLLLLLL_CTCCTCCTCCTCCTCCTCCTC	1516	1537	1709	0.0	0.0	0.0	0.0	0.0	0.0	0.0	0.0	0.0	0.0	0.0	0.0	0.0	0.16666666666666666	0.0	0.16666666666666666	0.0	0.0	0.0	0.2	0.0	0.3333333333333333	0.0	0.3333333333333333	0.0	0.0	0.0	0.0	0.16666666666666666	0.0
LMCD1_NM_014583	RRR_CGCCGCCGC	556	565	638	0.0	0.0	0.0	0.0	0.0	0.0	0.0	0.0	0.0	0.0	0.5	0.0	0.0	0.0	0.0	0.0	0.0	0.0	0.5	0.3333333333333333	0.5	0.0	0.0	0.0	0.0	0.0	0.5	0.0	0.0	0.0
LONRF1_NM_152271	AAA_GCCGCCGCC	646	655	836	0.0	0.0	0.0	0.0	0.0	0.0	0.0	0.0	0.0	0.0	0.0	0.0	0.16666666666666666	0.5	0.16666666666666666	0.0	0.0	0.16666666666666666	0.16666666666666666	0.1111111111111111	0.16666666666666666	0.0	0.5	0.3333333333333333	0.3333333333333333	0.0	0.5	0.0	0.0	0.0
LRP1B_NM_018557	NNN_AACAACAAC	10552	10561	10652	0.0	0.0	0.0	0.0	0.0	0.0	0.0	0.0	0.0	0.0	0.0	0.0	0.3333333333333333	0.3333333333333333	0.3333333333333333	0.0	0.0	0.0	0.0	0.16666666666666666	0.0	0.0	0.0	0.0	0.0	0.0	0.0	0.0	0.0	0.0
LTBP2_NM_000428	CCC_TGCTGCTGC	4405	4414	4571	0.0	0.0	0.0	0.0	0.0	0.2	0.0	0.0	0.0	0.0	0.0	0.2	0.2	0.0	0.0	0.2	0.0	0.0	0.2	0.1	0.0	0.0	0.2	0.0	0.0	0.0	0.2	0.0	0.6	0.0
LYST_NM_001301365	EEE_GAAGAAGAA	3748	3757	3818	0.0	0.0	0.0	0.0	0.0	0.0	0.0	0.0	0.0	0.0	1.0	0.0	0.0	0.0	0.0	0.0	0.0	0.0	0.5	0.2	0.0	0.0	0.0	0.0	0.0	0.0	0.0	0.5	3.0	0.0
LYST_NM_001301365	EEE_GAGGAGGAG	199	208	275	0.0	0.0	0.0	0.0	2.5	0.5	1.0	1.0	0.0	0.0	0.5	1.5	5.0	7.0	2.5	0.5	0.0	1.5	3.0	0.2857142857142857	0.0	0.0	0.0	1.0	0.0	0.0	0.0	0.0	0.0	0.0
MAGI1_NM_001033057	QQQQQ_CAGCAGCAGCAGCAG,QQQ_CAGCAGCAG,QQQQQQQQQQ_CAGCAGCAGCAGCAGCAGCAGCAGCAGCAG	1303	1363	1499	2.1666666666666665	0.0	0.0	0.3333333333333333	0.16666666666666666	0.16666666666666666	0.16666666666666666	0.0	0.16666666666666666	0.0	0.0	0.0	0.0	1.5	0.3333333333333333	0.3333333333333333	0.0	0.0	0.16666666666666666	0.09090909090909091	0.3333333333333333	0.3333333333333333	0.16666666666666666	0.3333333333333333	0.16666666666666666	0.6666666666666666	0.0	0.16666666666666666	0.16666666666666666	0.6666666666666666
MAML2_NM_032427	QQQQQQQQQQQQQ_CAGCAGCAGCAGCAGCAGCAGCAGCAGCAGCAGCAGCAG,QQQQQ_CAGCAGCAGCAGCAG	1879	1936	2141	0.0	0.0	0.0	0.0	0.0	0.0	0.0	0.375	0.0	0.0	0.0	0.0	0.0	0.0	0.0	0.125	0.0	0.0	0.0	0.13333333333333333	0.0	0.0	0.125	0.0	0.0	0.0	0.0	0.0	0.0	0.25
MAP4K3_NM_003618	EEE_GAAGAAGAA	1297	1306	1337	0.0	0.0	0.0	0.0	0.0	0.0	0.0	0.0	0.0	0.0	0.0	1.0	1.0	0.0	0.0	2.0	2.0	0.0	0.0	0.5	1.0	0.0	0.0	0.0	0.0	0.0	1.0	0.0	0.0	0.0
MAP4K4_NM_145686	QQQ_CAGCAGCAG	1546	1555	1883	0.0	0.2727272727272727	0.18181818181818182	0.45454545454545453	0.36363636363636365	0.36363636363636365	0.0	0.0	0.09090909090909091	0.36363636363636365	0.18181818181818182	0.0	0.09090909090909091	0.09090909090909091	0.18181818181818182	0.0	0.09090909090909091	0.0	0.09090909090909091	0.15384615384615385	0.09090909090909091	0.09090909090909091	0.36363636363636365	0.09090909090909091	0.0	0.0	0.0	0.36363636363636365	0.36363636363636365	0.2727272727272727
MAPK8IP3_NM_015133	KKK_AAGAAGAAG	1798	1807	1889	0.0	0.0	0.0	0.0	0.0	0.0	0.0	0.3333333333333333	0.0	0.0	0.3333333333333333	0.0	0.0	0.3333333333333333	0.3333333333333333	0.0	0.0	0.0	0.0	0.3333333333333333	0.0	0.0	0.0	0.0	0.0	0.0	0.0	0.0	0.0	0.0
MAST4_NM_001164664	PPP_CCGCCGCCG	385	394	548	0.0	0.0	0.0	0.0	0.0	0.0	0.0	0.0	0.0	0.0	0.0	0.0	0.0	0.0	0.0	0.0	0.0	0.4	0.8	0.3333333333333333	0.0	1.8	0.0	0.4	0.2	0.0	0.0	0.0	0.0	0.0
MBD2_NM_003927	GGG_GGCGGCGGC,GGGG_GGCGGCGGCGGC,GGG_GGCGGCGGC	421	460	593	0.4	0.0	0.4	0.4	0.6	1.0	0.0	0.0	0.0	0.4	0.2	0.0	0.4	0.2	0.4	0.4	0.4	2.0	1.8	0.3333333333333333	0.0	0.0	1.0	0.2	0.2	0.2	0.2	0.0	0.4	0.4
MCU_NM_138357	QQQ_CAGCAGCAG	229	238	356	0.0	0.0	0.0	0.0	0.0	0.0	0.0	0.0	0.0	0.0	0.25	0.5	0.0	1.25	0.25	0.5	0.5	0.5	0.0	0.5	0.25	0.0	0.25	0.0	0.5	0.0	0.25	0.25	0.5	0.25
MDC1_NM_014641_1	EEE_GAGGAGGAG	139	148	173	0.0	0.0	0.0	0.0	0.0	0.0	2.0	0.0	1.0	0.0	2.0	2.0	0.0	1.0	1.0	0.0	1.0	1.0	0.0	0.0	0.0	0.0	0.0	0.0	0.0	0.0	0.0	1.0	0.0	0.0
MED15_NM_001003891	QQQQQQQQQQQQ_CAGCAGCAGCAGCAGCAGCAGCAGCAGCAGCAGCAG	850	886	1136	0.0	0.1111111111111111	0.0	0.2222222222222222	0.1111111111111111	0.1111111111111111	0.6666666666666666	0.2222222222222222	0.1111111111111111	0.2222222222222222	0.0	0.3333333333333333	0.2222222222222222	0.1111111111111111	0.6666666666666666	0.2222222222222222	0.4444444444444444	0.0	0.2222222222222222	0.35714285714285715	0.4444444444444444	0.1111111111111111	0.5555555555555556	0.2222222222222222	0.6666666666666666	0.0	0.0	0.0	0.0	0.0
MED15_NM_001003891	QQQQQ_CAGCAGCAGCAGCAG,QQQQQQQQ_CAGCAGCAGCAGCAGCAGCAGCAG	712	754	761	0.0	0.0	0.0	0.0	0.0	0.0	0.0	0.0	1.0	0.0	1.0	1.0	0.0	0.0	0.0	0.0	0.0	0.0	0.0	0.7142857142857143	1.0	0.0	0.0	0.0	0.0	1.0	0.0	0.0	0.0	0.0
MEGF8_NM_001271938	LLLL_CTGCTGCTGCTG	7939	7951	8168	0.0	0.0	0.0	0.0	0.0	0.0	0.0	0.0	0.0	0.2857142857142857	0.2857142857142857	0.14285714285714285	0.0	0.0	0.0	0.0	0.0	0.0	0.0	0.3076923076923077	0.0	0.0	0.0	0.0	0.0	0.0	0.0	0.0	0.0	0.0
MEX3C_NM_016626	EEEE_GAGGAGGAGGAG,EEE_GAGGAGGAG,LLLL_CTGCTGCTGCTG	475	532	689	0.0	0.0	0.0	0.14285714285714285	0.14285714285714285	0.0	0.2857142857142857	0.0	0.14285714285714285	0.14285714285714285	0.0	0.0	0.14285714285714285	0.14285714285714285	0.14285714285714285	0.2857142857142857	0.0	0.0	0.0	0.125	0.14285714285714285	0.14285714285714285	0.0	0.0	0.0	0.0	0.0	0.14285714285714285	0.2857142857142857	0.0
MEX3C_NM_016626	EEE_GAGGAGGAG	433	442	689	0.0	0.125	0.0	0.0	0.0	0.0	0.25	0.0	0.0	0.25	0.125	0.125	0.0	0.0	0.125	0.0	0.25	0.0	0.0	0.07692307692307693	0.125	0.125	0.0	0.0	0.0	0.0	0.125	0.25	0.0	0.0
MIB2_NM_080875	LLL_CTGCTGCTG	664	673	875	0.0	0.0	0.0	0.0	0.0	0.14285714285714285	0.0	0.14285714285714285	0.0	0.0	0.7142857142857143	0.2857142857142857	0.14285714285714285	0.2857142857142857	0.0	0.0	0.0	0.42857142857142855	0.2857142857142857	0.0	0.0	0.2857142857142857	0.0	0.2857142857142857	0.0	0.2857142857142857	0.0	0.0	0.0	0.0
MICALL2_NM_182924	EEE_GAGGAGGAG	475	484	857	0.0	0.4166666666666667	0.0	0.08333333333333333	0.0	0.08333333333333333	0.0	0.0	0.08333333333333333	0.0	0.0	0.0	0.0	0.25	0.0	0.0	0.08333333333333333	0.16666666666666666	0.0	0.0	0.0	0.0	0.0	0.0	0.0	0.0	0.0	0.0	0.0	0.0
MINK1_NM_153827	EEE_GAGGAGGAG	1414	1423	1634	0.0	0.14285714285714285	0.2857142857142857	0.2857142857142857	0.0	0.0	0.42857142857142855	0.14285714285714285	0.0	0.0	0.14285714285714285	0.0	0.14285714285714285	0.0	0.0	0.0	0.0	0.42857142857142855	0.5714285714285714	0.0	0.0	0.0	0.0	0.0	0.14285714285714285	0.0	0.0	0.14285714285714285	0.14285714285714285	0.14285714285714285
MINK1_NM_153827	QQQQ_CAGCAGCAGCAG,QQQQQ_CAGCAGCAGCAGCAG	1210	1240	1295	0.0	0.0	0.0	0.0	0.0	0.0	1.0	0.5	0.0	0.0	0.0	0.0	0.0	0.0	0.0	1.0	1.0	0.5	0.0	0.2	0.0	0.0	0.0	0.0	0.0	0.0	0.0	0.0	0.0	1.5
MIOS_NM_019005	AAA_GCTGCTGCT	1669	1678	1724	0.0	0.0	0.0	0.0	0.0	0.0	0.0	0.0	1.0	0.0	0.0	0.0	0.0	1.0	1.0	0.0	0.0	0.0	0.0	0.4444444444444444	0.0	0.0	1.0	0.0	0.0	0.0	0.0	0.0	0.0	2.0
MLLT4_NM_001291964	EEEEEE_GAGGAGGAGGAGGAGGAG	5173	5191	5204	0.0	0.0	0.0	0.0	0.0	0.0	0.0	0.0	2.0	2.0	8.0	3.0	4.0	2.0	3.0	3.0	0.0	1.0	2.0	1.0	0.0	1.0	0.0	1.0	0.0	0.0	0.0	6.0	1.0	0.0
MROH6_NM_001100878	LLL_CTGCTGCTG	1702	1711	1844	0.0	0.0	0.0	0.0	0.0	0.0	0.0	0.0	0.0	0.0	0.0	0.0	0.25	0.0	0.25	0.0	0.25	0.5	0.0	0.0	0.0	0.0	0.0	0.25	0.0	0.0	0.0	0.0	0.0	0.0
MSH6_NM_000179	RRR_AGGAGGAGG	1246	1255	1331	0.0	0.0	0.5	0.0	2.5	2.0	0.0	0.5	0.0	0.0	0.0	0.0	1.0	1.0	0.0	0.0	0.0	0.0	0.5	1.0	0.0	0.0	0.0	0.0	0.0	0.0	0.0	0.5	1.0	0.0
MUM1L1_NM_152423	DDD_GATGATGAT	1207	1216	1283	0.0	0.0	0.0	0.0	0.0	0.0	0.0	0.0	0.0	0.0	0.5	0.5	0.0	0.0	0.0	0.0	0.0	0.0	0.5	0.42857142857142855	0.0	0.0	0.0	0.0	0.0	0.0	0.5	0.0	0.0	0.5
MYH11_NM_001040114	EEE_GAGGAGGAG	2671	2680	2777	0.0	0.0	0.0	0.0	0.0	0.6666666666666666	0.0	0.0	0.3333333333333333	0.0	0.0	0.0	0.0	0.0	0.3333333333333333	1.0	0.0	0.3333333333333333	0.0	0.25	0.0	0.0	0.0	0.0	0.6666666666666666	0.0	0.0	0.0	0.0	0.0
MYNN_NM_001185118	KKKK_AAGAAGAAGAAG	640	652	713	0.0	0.0	0.5	0.0	0.5	0.0	0.0	0.0	0.0	0.5	1.0	1.0	0.0	0.0	0.0	0.5	1.0	0.5	0.5	0.3333333333333333	0.0	1.0	0.0	0.5	0.0	0.0	0.0	0.5	1.0	0.0
NAA16_NM_024561	EEE_GAAGAAGAA	1924	1933	2042	0.0	0.0	0.0	0.0	0.0	0.0	0.0	0.0	0.3333333333333333	0.0	0.6666666666666666	0.0	0.3333333333333333	0.0	0.3333333333333333	0.0	0.6666666666666666	0.3333333333333333	0.0	0.0	0.6666666666666666	0.0	0.0	0.0	0.0	0.0	0.0	0.0	0.0	0.0
NCOA7_NM_001199620	DDD_GATGATGAT	1336	1345	1409	0.5	0.0	0.0	0.0	0.0	0.0	0.0	0.0	0.0	0.0	0.5	1.0	0.5	0.5	0.5	0.0	0.0	0.0	1.0	0.0	0.0	0.0	0.5	0.0	0.0	0.5	0.0	0.5	0.0	0.0
NCOR2_NM_006312	RRR_CGGCGGCGG	1060	1069	1283	0.0	0.14285714285714285	0.0	0.14285714285714285	0.2857142857142857	0.2857142857142857	0.5714285714285714	0.42857142857142855	0.42857142857142855	0.14285714285714285	0.14285714285714285	0.7142857142857143	0.8571428571428571	0.2857142857142857	0.2857142857142857	0.2857142857142857	0.0	0.2857142857142857	0.2857142857142857	0.09090909090909091	0.14285714285714285	0.14285714285714285	0.0	0.0	0.0	0.0	0.5714285714285714	0.0	0.2857142857142857	0.0
NEDD4L_NM_001144967	PPPP_CCTCCTCCTCCT	670	682	719	0.0	0.0	0.0	0.0	0.0	0.0	0.0	0.0	0.0	0.0	1.0	1.0	0.0	0.0	0.0	0.0	0.0	1.0	1.0	0.2857142857142857	0.0	0.0	0.0	0.0	0.0	0.0	0.0	0.0	0.0	0.0
NEMP2_NM_001142645	AAA_GCGGCGGCG	175	184	218	0.0	0.0	0.0	0.0	0.0	0.0	0.0	0.0	0.0	0.0	0.0	0.0	0.0	1.0	1.0	0.0	0.0	0.0	0.0	0.4	0.0	1.0	0.0	0.0	0.0	0.0	0.0	0.0	0.0	2.0
NFAT5_NM_138713	QQQQQ_CAGCAGCAGCAGCAG,QQQ_CAGCAGCAG,QQQ_CAGCAGCAG,QQQ_CAACAACAA	3901	3949	4022	0.25	0.5	0.0	0.0	0.0	0.0	0.0	0.0	0.0	0.75	0.25	0.0	0.0	0.0	0.75	0.0	0.25	0.0	0.0	0.0	0.0	0.0	0.0	0.0	0.5	0.0	0.25	0.0	0.0	0.5
NHSL1_NM_020464	EEE_GAAGAAGAA	601	610	773	0.2	0.4	3.4	0.8	0.2	0.0	0.6	2.0	1.6	1.0	0.2	0.6	0.6	0.8	1.2	1.2	0.8	1.6	0.8	1.0	0.2	0.2	0.2	0.0	0.0	0.2	0.0	0.4	0.2	0.8
NLK_NM_016231	QQQ_CAGCAGCAG	496	505	566	0.0	0.0	0.0	0.0	0.0	0.0	0.0	0.0	0.0	0.0	0.0	0.0	0.0	0.5	0.0	0.5	1.5	1.5	0.0	0.0	0.0	0.0	0.0	0.0	0.0	0.0	0.0	0.0	0.0	0.0
NLRC5_NM_032206	QQQ_CAGCAGCAG	4354	4363	4475	0.0	0.0	0.0	0.0	0.0	0.0	0.0	0.0	0.0	0.0	0.0	0.0	0.25	0.5	0.0	0.0	0.0	0.0	0.0	0.25	0.0	0.0	0.0	0.0	0.0	0.0	0.0	0.0	0.0	0.0
NLRP3_NM_004895	TTT_ACCACCACC	1411	1420	1610	0.0	0.0	0.0	0.0	0.0	0.0	0.0	0.0	0.16666666666666666	0.0	0.0	0.0	0.0	0.0	0.0	0.0	0.0	0.0	0.16666666666666666	0.16666666666666666	0.0	0.0	0.3333333333333333	0.3333333333333333	0.0	0.0	0.16666666666666666	0.0	0.0	0.0
NOP9_NM_174913	EEE_GAGGAGGAG	1477	1486	1547	0.0	0.0	2.0	0.0	0.0	0.0	0.5	0.0	0.5	0.0	0.5	0.0	0.0	0.0	0.0	0.0	0.0	1.5	0.5	0.0	0.0	0.0	0.0	0.0	1.0	0.0	0.0	0.0	0.5	0.0
NPIPB8_NM_001310136	RRR_CGGCGGCGG	727	736	872	0.0	0.25	0.0	0.0	0.0	0.25	0.75	0.0	0.0	0.25	0.5	0.0	0.0	0.0	0.0	0.0	0.0	0.25	0.0	0.0	0.0	0.0	0.0	0.0	0.0	0.0	0.0	0.0	0.0	0.0
NSUN4_NM_199044	EEE_GAGGAGGAG	898	907	1124	0.14285714285714285	0.0	0.0	0.5714285714285714	1.4285714285714286	0.0	0.0	0.0	0.0	0.14285714285714285	0.5714285714285714	0.42857142857142855	0.42857142857142855	0.42857142857142855	0.42857142857142855	0.14285714285714285	0.14285714285714285	0.2857142857142857	0.14285714285714285	0.75	0.14285714285714285	0.0	0.14285714285714285	0.0	0.0	0.14285714285714285	0.0	0.0	0.0	0.0
NUDT13_NM_015901	DDD_GATGATGAT	205	214	323	0.0	0.0	0.0	0.0	0.0	0.0	0.3333333333333333	0.0	1.3333333333333333	0.0	0.6666666666666666	0.6666666666666666	0.0	0.0	0.3333333333333333	0.0	0.0	1.0	0.3333333333333333	0.16666666666666666	0.3333333333333333	0.0	0.0	0.0	1.0	0.3333333333333333	0.3333333333333333	0.3333333333333333	0.0	0.3333333333333333
NXN_NM_022463	AAA_GCGGCGGCG	325	334	506	0.0	0.16666666666666666	0.16666666666666666	0.0	0.0	0.0	0.0	0.0	0.0	0.0	0.0	0.0	0.0	0.3333333333333333	0.3333333333333333	0.0	0.3333333333333333	0.16666666666666666	0.0	0.8333333333333334	0.16666666666666666	0.0	0.16666666666666666	0.3333333333333333	0.0	0.0	0.0	0.0	0.0	0.0
ONECUT1_NM_004498	HHHH_CACCACCACCAC	304	316	362	0.0	0.0	0.0	0.0	0.0	0.0	0.0	0.0	0.0	0.0	0.0	0.0	0.0	0.0	1.0	1.0	0.0	0.0	0.0	0.2	0.0	0.0	0.0	0.0	0.0	1.0	1.0	0.0	0.0	0.0
OSGIN2_NM_001126111	DDDD_GATGATGATGAT	856	868	908	0.0	0.0	0.0	0.0	0.0	0.0	0.0	0.0	0.0	0.0	3.0	5.0	5.0	8.0	5.0	0.0	0.0	0.0	0.0	0.25	0.0	0.0	0.0	1.0	0.0	0.0	0.0	0.0	0.0	0.0
PACS2_NM_001100913	EEE_GAGGAGGAG	697	706	821	0.0	0.0	0.0	0.0	0.0	0.0	0.0	0.0	0.0	0.0	0.25	0.0	0.0	0.25	0.0	0.0	0.0	0.0	0.5	0.4	0.0	0.0	0.0	0.0	0.25	0.25	0.0	0.0	0.0	0.0
PALB2_NM_024675	DDD_GATGATGAT	1849	1858	1895	0.0	0.0	0.0	0.0	0.0	0.0	0.0	0.0	0.0	0.0	1.0	1.0	0.0	0.0	0.0	0.0	0.0	0.0	0.0	0.3333333333333333	0.0	0.0	0.0	1.0	0.0	0.0	0.0	0.0	0.0	0.0
PARD3_NM_019619	DDDD_GATGATGATGAT	2914	2926	3035	0.0	0.25	0.0	0.0	0.0	0.25	0.0	0.0	0.25	0.25	0.75	0.25	0.75	1.25	0.25	0.25	0.0	0.0	0.75	1.25	0.0	0.5	1.0	0.5	0.25	0.0	0.0	0.0	0.0	0.5
PAXIP1_NM_007349	QQQQ_CAGCAGCAGCAG,PPP_CCACCACCA	1822	1852	1997	0.0	0.0	0.2	0.0	0.0	0.2	0.0	0.2	0.0	0.0	0.0	0.0	0.0	0.0	0.2	0.0	0.2	0.6	0.0	0.23076923076923078	0.0	0.2	0.0	0.0	0.0	0.0	0.0	0.2	0.0	0.0
PAXIP1_NM_007349	QQQQQ_CAGCAGCAGCAGCAG	1453	1468	1772	0.1	0.0	0.0	0.2	0.0	0.1	0.0	0.0	0.2	0.1	0.3	0.3	0.0	0.4	0.0	0.0	0.0	0.0	0.1	0.0625	0.1	0.0	0.0	0.0	0.1	0.3	0.1	0.2	0.1	0.0
PAXIP1_NM_007349	QQQQQQQ_CAGCAGCAGCAGCAGCAGCAG	1381	1402	1772	0.0	0.0	0.07692307692307693	0.0	0.07692307692307693	0.0	0.0	0.15384615384615385	0.07692307692307693	0.0	0.15384615384615385	0.15384615384615385	0.3076923076923077	0.15384615384615385	0.3076923076923077	0.0	0.0	0.0	0.07692307692307693	0.07692307692307693	0.07692307692307693	0.0	0.0	0.07692307692307693	0.3076923076923077	0.15384615384615385	0.07692307692307693	0.0	0.07692307692307693	0.0
PCNT_NM_006031	EEE_GAGGAGGAG	8107	8116	8225	0.0	0.0	0.0	0.0	0.0	0.0	0.3333333333333333	0.0	0.0	0.0	0.0	0.0	0.0	0.3333333333333333	0.0	0.0	0.0	0.0	0.0	0.16666666666666666	0.0	0.0	0.3333333333333333	0.3333333333333333	0.0	0.0	0.0	0.3333333333333333	0.0	0.0
PDZD8_NM_173791	GGG_GGCGGCGGC	283	292	443	0.0	0.0	0.0	0.0	0.2	0.2	0.2	0.0	0.0	0.0	3.0	0.8	0.0	0.0	0.0	0.2	0.6	1.2	0.8	0.75	0.0	0.0	0.0	0.2	0.2	0.0	0.0	0.0	0.0	0.0
PES1_NM_014303	EEE_GAGGAGGAG,MMM_ATGATGATG	1678	1720	1715	0.0	1.0	0.0	0.0	1.0	0.0	0.0	0.0	0.0	0.0	0.0	0.0	0.0	2.0	2.0	0.0	0.0	0.0	0.0	1.0	0.0	0.0	1.0	0.0	0.0	0.0	1.0	0.0	0.0	0.0
PGRMC2_NM_006320	GGGG_GGAGGAGGAGGA	142	154	173	0.0	0.0	0.0	0.0	1.0	0.0	0.0	0.0	0.0	0.0	3.0	2.0	1.0	1.0	0.0	0.0	1.0	1.0	2.0	2.0	38.0	25.0	7.0	1.0	1.0	33.0	3.0	2.0	18.0	2.0
PHF19_NM_001286840	KKKK_AAGAAGAAGAAG	1147	1159	1457	0.0	0.0	0.0	0.0	0.0	0.0	0.0	0.0	0.0	0.0	0.0	0.0	0.0	0.0	0.1	0.1	0.1	0.0	0.0	0.0	0.0	0.0	0.0	0.0	0.0	0.0	0.1	0.0	0.0	0.0
PHIP_NM_017934	RRR_AGAAGAAGA	4015	4024	4088	0.5	0.5	0.0	0.0	0.0	0.0	0.0	0.0	0.0	0.0	0.0	0.0	0.5	0.0	0.5	0.5	0.5	0.5	0.5	0.0	0.0	0.0	0.0	0.0	0.0	0.0	0.5	0.0	0.0	0.5
PHRF1_NM_001286581	EEE_GAGGAGGAG	1591	1600	1649	0.0	0.0	0.0	0.0	0.0	0.0	0.0	0.0	0.0	0.0	0.0	1.0	1.0	0.0	0.0	0.0	0.0	0.0	0.0	0.2	0.0	0.0	1.0	0.0	0.0	0.0	1.0	0.0	0.0	0.0
PIAS1_NM_016166	AAAA_GCAGCAGCAGCA	1789	1801	1880	0.3333333333333333	0.3333333333333333	1.0	1.6666666666666667	1.0	0.0	2.0	0.0	0.0	0.3333333333333333	0.0	0.0	0.0	0.0	0.3333333333333333	0.6666666666666666	0.6666666666666666	0.0	0.0	2.3333333333333335	0.0	0.6666666666666666	0.0	0.3333333333333333	0.0	0.0	0.3333333333333333	0.0	0.0	0.0
PIEZO1_NM_001142864	DDD_GATGATGAT	565	574	716	0.4	0.4	0.0	0.0	0.0	0.0	0.0	0.0	0.0	0.2	0.4	0.4	0.2	0.2	0.2	0.2	0.2	0.2	0.0	0.2	0.0	0.0	0.0	0.0	0.0	0.2	0.0	0.2	0.0	0.2
PIEZO1_NM_001142864	LLLL_CTGCTGCTGCTG	2905	2917	3104	0.3333333333333333	0.0	0.0	0.0	0.0	0.16666666666666666	0.0	0.16666666666666666	0.16666666666666666	0.0	0.0	0.0	0.0	0.0	0.0	0.16666666666666666	0.5	1.0	0.0	0.0	0.0	0.16666666666666666	0.0	0.0	0.0	0.0	0.0	0.16666666666666666	0.0	0.5
PIP4K2A_NM_005028	EEE_GAGGAGGAG	994	1003	1064	1.0	0.0	0.0	1.0	0.0	0.0	0.0	0.0	0.0	0.0	0.5	0.5	0.0	0.0	1.5	0.0	0.5	1.0	0.5	0.2	0.0	0.0	0.0	0.0	0.0	0.0	1.5	0.0	0.0	2.0
PITPNM3_NM_031220	SSS_AGCAGCAGC	964	973	1205	0.0	0.0	0.0	0.0	0.0	0.0	0.0	0.0	0.0	0.0	0.125	0.0	0.0	0.0	0.125	0.25	0.0	0.125	0.0	0.0	0.125	0.0	0.0	0.0	0.0	0.0	0.0	0.0	0.0	0.0
PKD1_NM_001009944	LLL_CTGCTGCTG	7633	7642	7958	0.2	0.0	0.0	0.0	0.0	0.0	0.0	0.0	0.0	0.0	0.0	0.3	0.0	0.0	0.1	0.1	0.0	0.0	0.0	0.16666666666666666	0.2	0.1	0.0	0.0	0.0	0.0	0.0	0.3	0.0	0.3
PKN2_NM_006256	III_ATTATTATT	970	979	1016	0.0	0.0	0.0	0.0	0.0	0.0	0.0	0.0	0.0	0.0	2.0	0.0	0.0	0.0	0.0	3.0	4.0	1.0	0.0	0.0	0.0	0.0	0.0	0.0	0.0	0.0	1.0	0.0	0.0	0.0
PLEC_NM_201380	QQQ_CAGCAGCAG	5353	5362	5657	0.1	0.2	1.1	0.2	0.0	0.1	0.2	0.5	0.0	0.3	0.1	0.1	0.5	0.3	1.1	0.1	0.4	0.4	0.5	0.36363636363636365	0.3	0.2	0.1	0.5	0.2	0.1	0.2	0.2	0.2	0.1
PLEKHH3_NM_024927	LLL_CTGCTGCTG	1663	1672	2108	0.0	0.21428571428571427	0.0	0.07142857142857142	0.14285714285714285	0.07142857142857142	0.07142857142857142	0.14285714285714285	0.0	0.0	0.07142857142857142	0.07142857142857142	0.0	0.07142857142857142	0.0	0.07142857142857142	0.0	0.14285714285714285	0.07142857142857142	0.045454545454545456	0.14285714285714285	0.21428571428571427	0.07142857142857142	0.0	0.07142857142857142	0.0	0.0	0.14285714285714285	0.0	0.0
PML_NM_033238	EEE_GAGGAGGAG	244	253	392	0.0	0.0	0.75	0.5	0.0	0.25	0.0	0.0	0.0	0.0	0.0	0.25	0.5	1.75	0.25	0.25	0.25	0.5	0.0	0.23076923076923078	0.0	0.0	0.0	0.0	0.0	0.0	0.0	0.5	0.0	0.5
PODXL2_NM_015720	III_ATCATCATC	1636	1645	1814	0.0	0.0	0.0	0.0	0.0	0.2	0.0	0.0	0.0	0.0	0.0	0.0	0.0	0.0	0.0	0.2	0.0	0.0	0.0	0.21428571428571427	0.0	0.0	0.0	0.0	0.0	0.0	0.0	0.2	0.0	0.0
POLD1_NM_001308632	DDDD_GATGATGATGAT	169	181	221	0.0	0.0	0.0	0.0	0.0	0.0	0.0	0.0	0.0	1.0	1.0	0.0	0.0	1.0	1.0	0.0	0.0	0.0	0.0	0.125	0.0	0.0	0.0	0.0	0.0	0.0	0.0	0.0	0.0	0.0
POM121C_NM_001099415	KKK_AAGAAGAAG	259	268	422	0.0	0.2	0.0	0.0	0.0	0.2	0.2	0.0	0.0	0.2	0.2	0.2	0.2	0.6	0.4	0.4	0.6	0.0	0.2	0.1111111111111111	0.0	0.0	0.2	0.0	0.2	0.0	0.0	0.2	0.0	0.2
PPP1R12B_NM_002481	EEE_GAGGAGGAG	1120	1129	1427	0.0	0.0	0.0	0.0	0.0	0.0	0.0	0.1	0.2	0.1	0.4	0.0	0.0	0.1	0.2	0.1	0.1	0.1	0.1	0.0	0.0	0.0	0.0	0.0	0.0	0.0	0.3	0.0	0.0	0.0
PPP1R12B_NM_002481	EEE_GAGGAGGAG	1186	1195	1427	0.0	0.0	0.0	0.125	0.25	0.0	0.125	0.375	0.125	0.0	0.0	0.125	0.0	0.25	0.125	0.0	0.125	0.0	0.125	0.0	0.0	0.0	0.0	0.0	0.0	0.0	0.0	0.0	0.375	0.0
PPP1R32_NM_145017	QQQ_CAGCAGCAG	565	574	626	0.0	0.0	0.0	0.0	0.0	0.0	0.0	0.0	0.0	0.0	0.0	0.0	0.0	0.5	0.0	0.0	0.0	2.0	1.0	0.0	0.0	0.0	0.0	0.0	0.0	0.0	0.0	0.0	0.0	0.0
PRPF40B_NM_001031698	QQQQ_CAGCAGCAGCAG	709	721	1028	0.0	0.0	0.0	0.3	0.1	0.0	0.0	0.1	0.0	0.0	0.1	0.1	0.0	0.0	0.0	0.0	0.1	0.0	0.2	0.3125	0.0	0.0	0.0	0.0	0.0	0.0	0.1	0.0	0.0	0.0
PRPF40B_NM_001031698	YYY_TACTACTAC	490	499	677	0.0	0.0	0.0	0.0	0.0	0.0	0.0	0.0	0.0	0.0	0.0	0.5	0.16666666666666666	0.0	0.0	0.0	0.0	0.16666666666666666	0.0	0.0	0.0	0.0	0.0	0.16666666666666666	0.0	0.0	0.0	0.0	0.0	0.0
PRRC2A_NM_004638_1	QQQ_CAGCAGCAG	3844	3853	3881	0.0	0.0	0.0	0.0	1.0	0.0	0.0	1.0	0.0	0.0	0.0	0.0	0.0	0.0	1.0	1.0	0.0	1.0	4.0	1.0	0.0	0.0	1.0	0.0	0.0	0.0	1.0	0.0	0.0	0.0
PRRC2B_NM_013318	QQQ_CAGCAGCAG	1990	1999	2126	0.0	0.0	0.5	1.25	0.0	0.0	0.0	0.25	0.0	0.25	0.0	0.5	1.75	0.0	0.25	0.0	0.0	0.0	0.0	1.0	0.25	1.0	0.0	0.0	0.0	0.25	0.0	0.0	0.0	0.25
PRRC2C_NM_015172	QQQ_CAGCAGCAG,QQQ_CAGCAGCAG	2149	2170	2318	2.4	0.0	0.4	0.0	0.2	0.2	0.0	0.4	0.4	1.2	0.2	0.6	4.4	0.4	0.2	0.0	0.4	0.6	0.6	0.2727272727272727	0.0	4.8	0.2	0.2	0.2	0.4	0.2	0.6	0.2	0.4
PRSS23_NM_007173	QQQ_CAGCAGCAG	1324	1333	1388	0.0	0.0	0.0	0.0	0.5	0.0	0.0	0.0	0.0	0.0	0.5	1.0	0.5	0.5	1.0	2.5	1.5	0.0	0.5	0.3333333333333333	0.0	0.0	0.0	0.0	0.0	0.0	0.0	0.0	0.0	0.0
PTPRE_NM_006504	EEE_GAGGAGGAG	460	469	629	0.0	0.0	0.4	0.0	0.0	0.2	0.0	0.0	0.0	0.2	0.0	0.2	0.2	0.2	0.0	0.4	0.2	0.4	0.0	0.09090909090909091	0.0	0.6	0.0	0.2	0.0	0.0	0.0	0.0	0.2	0.0
R3HDM1_NM_001282798	PPPP_CCACCACCACCA,PPPP_CCTCCTCCTCCT	1891	1915	2117	0.0	0.42857142857142855	0.0	0.0	0.0	0.0	0.0	0.0	0.14285714285714285	0.0	0.0	0.0	0.0	0.0	0.2857142857142857	0.2857142857142857	0.0	0.0	0.0	0.0	0.0	0.0	0.0	0.0	0.0	0.0	0.0	0.14285714285714285	0.0	0.0
RAD52_NM_001297419	QQQ_CAGCAGCAG	892	901	989	0.0	0.0	0.0	0.0	0.0	0.0	0.0	0.3333333333333333	0.3333333333333333	0.0	0.0	0.6666666666666666	1.0	0.0	0.0	0.3333333333333333	0.3333333333333333	0.0	0.0	0.0	0.0	0.0	0.3333333333333333	0.0	0.0	0.0	0.3333333333333333	0.0	0.0	0.0
RALGDS_NM_006266	TTT_ACCACCACC	550	559	902	0.0	0.0	0.0	0.0	0.0	0.0	0.0	0.09090909090909091	0.09090909090909091	0.0	0.0	0.0	0.0	0.45454545454545453	0.0	0.0	0.0	0.0	0.0	0.05555555555555555	0.0	0.0	0.0	0.0	0.0	0.0	0.0	0.0	0.0	0.0
RAPGEF2_NM_014247	QQQ_CAGCAGCAG,PPP_CCACCACCA	3220	3238	3311	0.0	0.3333333333333333	0.0	0.0	0.0	0.0	0.0	0.0	0.0	0.0	0.0	0.0	0.0	0.3333333333333333	0.3333333333333333	0.6666666666666666	0.0	0.6666666666666666	0.6666666666666666	1.0	0.0	0.0	0.0	0.0	0.0	0.0	0.0	0.0	0.0	0.0
RASAL2_NM_170692	LLL_CTGCTGCTG	3592	3601	3674	0.0	0.0	0.0	0.0	0.0	0.0	0.0	0.0	0.0	0.0	1.0	0.0	0.0	0.0	0.0	0.0	0.0	0.0	0.0	0.2222222222222222	0.0	0.0	0.0	0.0	0.0	0.0	0.5	0.0	0.0	0.0
RB1CC1_NM_014781	EEE_GAAGAAGAA	3532	3541	3566	0.0	1.0	3.0	4.0	0.0	0.0	0.0	0.0	0.0	0.0	2.0	0.0	0.0	1.0	1.0	0.0	0.0	0.0	0.0	1.0	0.0	0.0	0.0	0.0	0.0	0.0	0.0	0.0	0.0	0.0
RBM26_NM_001286631	EEE_GAAGAAGAA	3031	3040	3146	0.0	0.3333333333333333	0.0	0.3333333333333333	0.0	0.0	0.0	0.0	0.0	0.6666666666666666	0.3333333333333333	0.3333333333333333	0.0	0.6666666666666666	0.0	0.3333333333333333	1.3333333333333333	0.3333333333333333	0.0	0.2727272727272727	0.0	0.0	0.0	0.0	0.0	0.0	0.0	0.0	0.0	0.0
RBM27_NM_018989	EEEE_GAAGAAGAAGAA	3175	3187	3290	0.0	0.0	0.0	0.3333333333333333	0.0	0.0	0.0	0.0	0.0	0.3333333333333333	0.3333333333333333	0.3333333333333333	0.0	0.0	0.0	0.3333333333333333	2.3333333333333335	0.6666666666666666	0.3333333333333333	0.36363636363636365	0.0	0.0	0.0	0.0	0.0	0.0	0.0	0.0	0.0	0.0
RBM33_NM_053043	QQQ_CAGCAGCAG	1081	1090	1196	0.0	0.0	0.3333333333333333	1.0	0.0	0.0	0.0	0.0	0.0	0.0	0.3333333333333333	0.6666666666666666	0.6666666666666666	0.3333333333333333	0.0	0.0	0.0	0.0	0.0	0.0	0.0	0.6666666666666666	0.0	0.0	0.0	0.0	0.3333333333333333	0.0	0.0	0.3333333333333333
RBM33_NM_053043	PPP_CCACCACCA	1549	1558	2048	0.375	0.0	0.125	0.0625	0.0625	0.3125	0.0	0.0	0.0625	0.0	0.0	0.1875	0.375	0.3125	0.0625	0.3125	0.375	0.0625	0.0	0.0	0.125	0.25	0.0625	0.0	0.0	0.0625	0.125	0.125	0.1875	0.25
RERE_NM_012102	TTT_ACCACCACC	1633	1642	1817	0.0	0.0	0.0	0.0	0.16666666666666666	0.0	8.833333333333334	1.8333333333333333	0.0	0.16666666666666666	0.0	0.5	1.0	1.0	0.6666666666666666	0.16666666666666666	0.0	0.5	1.0	1.1428571428571428	0.0	0.0	0.0	0.3333333333333333	0.0	0.0	0.3333333333333333	0.0	0.0	1.0
RIN3_NM_024832	TTT_ACCACCACC	2581	2590	2636	0.0	0.0	0.0	0.0	0.0	0.0	2.0	0.0	0.0	0.0	0.0	0.0	0.0	0.0	0.0	0.0	0.0	0.0	0.0	0.6666666666666666	0.0	1.0	0.0	0.0	0.0	0.0	0.0	1.0	0.0	0.0
RMND5B_NM_001288794	QQQQ_CAGCAGCAGCAG	442	454	539	0.0	0.0	0.0	0.0	0.0	0.3333333333333333	0.0	0.0	0.0	0.0	0.0	0.3333333333333333	1.0	1.3333333333333333	0.0	0.0	1.0	1.0	1.0	0.4	0.0	0.0	0.0	0.0	0.0	0.0	0.0	0.0	0.0	0.6666666666666666
RNF141_NM_016422	EEE_GAGGAGGAG	553	562	686	0.5	0.0	0.25	0.0	0.25	0.25	0.25	0.5	0.0	0.0	1.25	0.5	0.5	0.0	0.0	0.75	0.75	1.75	0.75	0.625	1.5	0.0	0.0	0.0	0.0	0.25	0.0	0.0	0.75	0.0
RSF1_NM_016578	EEEE_GAGGAGGAGGAG	3955	3967	4130	0.6	0.0	0.2	0.2	0.2	0.2	0.0	0.0	0.2	0.2	0.4	0.8	0.0	0.8	0.4	0.6	0.6	0.0	0.4	0.3076923076923077	0.4	0.0	0.0	0.0	0.0	0.0	0.6	0.0	0.8	0.2
RTF1_NM_015138	GGG_GGCGGCGGC	187	196	227	0.0	0.0	0.0	0.0	0.0	3.0	0.0	0.0	1.0	0.0	1.0	0.0	0.0	0.0	0.0	0.0	0.0	0.0	1.0	0.75	1.0	0.0	0.0	2.0	1.0	2.0	0.0	2.0	0.0	0.0
SALL1_NM_002968	AAA_GCAGCAGCA	979	988	1040	0.0	0.5	0.0	0.0	0.0	0.0	0.0	0.0	0.0	0.0	0.5	1.0	0.0	0.0	0.0	1.0	2.0	0.5	0.0	0.0	0.0	0.0	0.0	0.0	0.5	1.5	0.0	3.0	0.0	0.5
SCAP_NM_012235	LLL_CTGCTGCTG	607	616	770	0.2	3.0	2.4	1.2	0.4	0.2	0.4	0.2	0.2	0.6	0.6	2.6	4.8	2.2	2.6	0.4	1.8	2.4	0.6	0.2222222222222222	0.4	0.4	0.4	0.0	0.8	0.0	0.0	0.2	0.0	0.0
SCAPER_NM_020843	DDD_GATGATGAT	214	223	320	0.0	0.3333333333333333	0.0	0.0	0.0	0.0	0.0	0.0	0.0	0.0	0.6666666666666666	0.3333333333333333	0.3333333333333333	0.3333333333333333	0.3333333333333333	0.6666666666666666	0.0	0.0	0.6666666666666666	0.625	0.0	0.0	0.0	0.0	0.0	0.0	0.0	0.0	0.0	0.0
SCMH1_NM_001031694	KKK_AAGAAGAAG	1222	1231	1535	0.0	0.0	0.0	0.2	0.0	0.0	0.0	0.0	0.0	0.0	0.0	0.2	0.1	0.0	0.2	0.1	0.0	0.0	0.0	0.0	0.0	0.0	0.0	0.0	0.0	0.0	0.0	0.0	0.1	0.1
SCN9A_NM_002977	DDD_GATGATGAT	220	229	368	2.5	0.25	0.0	0.25	0.5	1.75	0.5	0.75	0.5	0.0	2.5	0.75	0.25	1.5	0.75	0.25	0.25	0.75	1.0	0.6153846153846154	0.0	0.25	0.25	0.0	0.0	0.0	0.0	0.0	0.0	0.0
SDCCAG3_NM_001039707	EEE_GAGGAGGAG	625	634	797	0.2	0.0	0.6	0.2	0.0	0.2	0.8	0.2	0.4	0.6	1.4	1.0	0.2	0.0	0.4	0.6	0.0	0.2	0.2	1.0	0.0	0.2	0.0	0.0	0.2	0.0	0.0	0.4	0.2	0.2
SEC23IP_NM_007190	QQQ_CAGCAGCAG	823	832	938	0.0	0.0	0.6666666666666666	0.3333333333333333	1.3333333333333333	1.6666666666666667	0.0	0.0	0.0	0.0	0.0	0.3333333333333333	0.3333333333333333	0.6666666666666666	0.0	0.6666666666666666	0.3333333333333333	0.0	0.3333333333333333	1.0	0.0	0.3333333333333333	0.6666666666666666	0.0	0.6666666666666666	0.0	0.3333333333333333	0.0	2.6666666666666665	0.0
SEC31A_NM_014933	QQQQQ_CAGCAGCAGCAGCAG	1357	1372	1400	0.0	1.0	1.0	1.0	1.0	0.0	0.0	0.0	0.0	1.0	1.0	0.0	0.0	0.0	2.0	4.0	3.0	3.0	4.0	1.4	0.0	1.0	6.0	7.0	0.0	0.0	0.0	1.0	1.0	0.0
SEMA4B_NM_020210	LLL_CTGCTGCTG	2026	2035	2078	0.0	0.0	0.0	0.0	0.0	0.0	0.0	0.0	1.0	0.0	0.0	0.0	1.0	1.0	2.0	2.0	0.0	0.0	0.0	0.25	0.0	0.0	0.0	0.0	0.0	0.0	0.0	0.0	0.0	0.0
SEMA4C_NM_017789	DDD_GACGACGAC,FFF_TTCTTCTTC	790	817	938	0.0	0.5	0.5	0.0	0.0	0.25	0.0	1.5	0.0	0.0	0.0	0.0	0.5	0.25	0.75	0.75	0.5	0.0	0.0	0.38461538461538464	0.0	0.0	0.0	0.0	0.25	0.0	0.0	0.0	0.0	0.25
SERINC2_NM_001199038	QQQQQ_CAGCAGCAGCAGCAG	1216	1231	1337	2.0	0.25	0.5	0.75	0.0	0.0	0.75	1.25	0.75	0.0	0.5	4.75	6.75	2.75	1.75	0.0	2.25	0.75	0.25	0.0	5.0	1.75	3.0	0.5	0.75	0.25	1.5	0.0	0.0	0.25
SETD1A_NM_014712	VVV_GTGGTGGTG	4120	4129	4373	0.0	0.125	0.0	0.0	0.125	0.0	0.0	0.0	0.0	0.0	0.0	0.125	0.125	0.125	0.0	0.0	0.0	0.0	0.0	0.08333333333333333	0.125	0.0	0.0	0.0	0.0	0.0	0.0	0.0	0.125	0.0
SETD1A_NM_014712	QQQ_CAGCAGCAG	4162	4171	4373	0.0	0.0	0.14285714285714285	0.0	0.0	0.0	0.0	0.0	0.0	0.0	0.14285714285714285	0.14285714285714285	0.0	0.0	0.0	0.0	0.0	0.0	0.0	0.14285714285714285	0.14285714285714285	0.0	0.0	0.0	0.0	0.0	0.0	0.0	0.0	0.0
SETD2_NM_014159	QQQ_CAGCAGCAG	6946	6955	7025	0.0	0.0	0.5	0.0	0.0	0.0	0.0	0.0	0.0	0.0	0.0	0.5	0.5	0.5	0.0	0.0	0.5	0.5	0.0	0.125	0.0	0.0	0.0	0.0	0.0	0.0	0.0	0.0	0.0	0.0
SGPP1_NM_030791	GGG_GGCGGCGGC	343	352	440	0.0	0.0	0.3333333333333333	0.0	0.6666666666666666	0.3333333333333333	0.0	0.0	0.0	0.6666666666666666	0.0	1.6666666666666667	1.6666666666666667	0.6666666666666666	0.6666666666666666	0.0	0.0	0.0	0.0	0.0	0.0	0.6666666666666666	0.0	0.0	0.3333333333333333	0.3333333333333333	0.0	0.6666666666666666	0.0	0.0
SH2B1_NM_001308293	GGGG_GGAGGAGGAGGA	997	1009	1193	0.0	0.0	0.0	0.0	0.0	0.0	0.0	0.0	0.16666666666666666	0.16666666666666666	0.6666666666666666	0.0	0.0	0.0	0.0	0.0	0.0	0.16666666666666666	0.16666666666666666	0.36363636363636365	0.16666666666666666	0.0	0.0	0.0	0.16666666666666666	0.0	0.0	0.0	0.0	0.0
SH2B3_NM_005475	RRR_CGCCGCCGC	538	547	689	0.0	0.0	0.0	0.0	0.0	0.0	0.0	0.0	0.0	0.4	0.2	0.2	0.0	0.2	0.4	0.0	0.0	0.0	0.0	0.0	0.2	0.0	0.0	0.2	0.0	0.0	0.0	0.0	0.0	0.0
SH2D3C_NM_170600	EEE_GAGGAGGAG	712	721	917	0.0	0.0	0.16666666666666666	0.0	0.0	0.16666666666666666	0.5	0.0	0.0	0.0	0.0	0.16666666666666666	0.0	0.0	0.0	0.3333333333333333	0.0	0.16666666666666666	0.6666666666666666	0.14285714285714285	0.0	0.16666666666666666	1.1666666666666667	0.0	0.0	0.6666666666666666	0.0	0.0	0.0	0.0
SH3BP5L_NM_030645	SSS_AGCAGCAGC	220	229	302	0.0	0.0	2.0	0.0	0.0	0.0	0.5	0.0	0.0	0.0	0.5	0.5	0.0	0.0	0.5	1.0	1.0	0.0	0.5	0.0	0.0	0.0	0.0	0.5	0.0	0.0	0.0	0.0	0.0	0.0
SIK2_NM_015191	QQQ_CAGCAGCAG	2056	2065	2318	0.625	0.5	0.125	0.375	2.375	1.0	2.125	0.0	0.125	0.5	0.875	0.0	0.375	1.375	1.25	0.875	1.0	2.875	2.125	1.7333333333333334	1.375	0.0	0.875	0.25	0.5	0.25	0.375	1.0	0.0	0.25
SIK3_NM_025164	QQQQ_CAGCAGCAGCAG	3109	3121	3167	0.0	0.0	0.0	0.0	0.0	4.0	0.0	0.0	0.0	2.0	0.0	0.0	0.0	0.0	0.0	0.0	0.0	0.0	0.0	1.4	0.0	0.0	0.0	1.0	0.0	0.0	2.0	0.0	1.0	1.0
SKIDA1_NM_207371	HHH_CACCACCAC	1189	1198	1736	0.2777777777777778	0.16666666666666666	0.05555555555555555	0.1111111111111111	0.0	0.0	0.0	0.05555555555555555	0.05555555555555555	0.0	0.05555555555555555	0.0	0.05555555555555555	0.0	0.1111111111111111	0.16666666666666666	0.0	0.05555555555555555	0.05555555555555555	0.0	0.05555555555555555	0.0	0.0	0.05555555555555555	0.0	0.0	0.05555555555555555	0.0	0.05555555555555555	0.0
SKIDA1_NM_207371	EEE_GAGGAGGAG	1423	1432	1736	0.0	0.0	0.0	0.1	0.0	0.0	0.1	0.0	0.0	0.0	0.2	0.2	0.3	0.0	0.0	0.1	0.1	0.1	0.0	0.0	0.0	0.1	0.0	0.0	0.0	0.0	0.1	0.0	0.0	0.0
SKIDA1_NM_207371	HHHHHHH_CACCACCACCACCACCACCAC,HHHHHHH_CACCACCACCACCACCACCAC	1108	1153	1736	0.0	0.0	0.0	0.4	0.05	0.1	0.0	0.0	0.0	0.1	0.0	0.05	0.0	0.05	0.0	0.1	0.15	0.0	0.05	0.034482758620689655	0.05	0.0	0.0	0.05	0.0	0.05	0.0	0.05	0.0	0.0
SKIDA1_NM_207371	LLL_CTGCTGCTG,AAAAAAAA_GCGGCGGCGGCGGCGGCGGCGGCG,AAAA_GCGGCGGCGGCG	973	1045	1736	0.0	0.0	0.0	0.0	0.0	0.0	0.32	0.04	0.08	0.0	0.0	0.08	0.0	0.04	0.04	0.0	0.2	0.04	0.04	0.034482758620689655	0.04	0.0	0.04	0.0	0.04	0.0	0.04	0.0	0.0	0.0
SKIDA1_NM_207371	EEEE_GAGGAGGAGGAG,EEEEE_GAGGAGGAGGAGGAG,EEEE_GAGGAGGAGGAG	1339	1384	1736	0.0	0.0	0.0	0.15384615384615385	0.0	0.0	0.07692307692307693	0.0	0.0	0.07692307692307693	0.0	0.0	0.15384615384615385	0.15384615384615385	0.07692307692307693	0.0	0.07692307692307693	0.0	0.07692307692307693	0.0	0.0	0.07692307692307693	0.0	0.0	0.07692307692307693	0.0	0.0	0.0	0.07692307692307693	0.0
SLC22A31_NM_001242757	LLL_CTGCTGCTG	637	646	806	0.0	0.0	0.0	0.0	0.0	0.0	0.0	0.0	0.0	0.0	0.0	0.2	0.0	0.2	0.2	0.2	0.0	0.0	0.0	0.0	0.0	0.0	0.0	0.0	0.0	0.0	0.0	0.0	0.0	0.0
SLC35A2_NM_001282651	PPP_CCACCACCA	1285	1294	1361	0.0	0.5	0.0	0.0	0.0	0.0	0.0	0.0	0.0	4.5	2.0	0.0	1.5	1.5	1.5	1.0	1.0	1.0	0.0	0.2857142857142857	0.0	0.0	0.0	0.0	0.0	0.0	0.0	0.5	0.0	0.0
SLC38A9_NM_173514	LLL_CTCCTCCTC	991	1000	1052	0.0	0.0	1.0	0.5	0.0	0.0	0.0	0.0	0.0	0.0	1.0	0.0	0.0	0.0	0.5	1.5	0.0	0.0	0.0	0.0	1.5	0.5	0.0	0.0	0.0	0.0	0.0	0.0	0.0	0.0
SLC39A3_NM_144564	FFF_TTCTTCTTC	145	154	182	0.0	3.0	0.0	1.0	0.0	0.0	0.0	0.0	0.0	3.0	2.0	1.0	1.0	0.0	0.0	0.0	1.0	1.0	0.0	0.0	0.0	0.0	0.0	0.0	0.0	1.0	0.0	0.0	1.0	0.0
SLC9A8_NM_001260491	FFF_TTTTTTTTT	637	646	692	0.0	1.0	0.0	0.0	0.0	0.0	0.0	0.0	0.0	0.0	0.0	0.0	1.0	1.0	0.0	0.0	1.0	1.0	1.0	0.1111111111111111	0.0	2.0	0.0	0.0	0.0	1.0	1.0	1.0	2.0	0.0
SMCHD1_NM_015295	TTT_ACAACAACA	322	331	425	0.0	0.0	1.0	1.0	0.3333333333333333	0.0	0.0	1.0	0.0	0.6666666666666666	0.0	0.3333333333333333	0.6666666666666666	1.0	0.3333333333333333	0.6666666666666666	1.3333333333333333	0.6666666666666666	0.0	0.5714285714285714	0.0	0.0	0.0	0.0	0.0	0.0	0.0	0.0	0.0	0.0
SMG7_NM_201569	QQQ_CAACAACAA	2260	2269	2393	0.0	0.0	0.25	0.5	0.0	0.25	0.0	0.0	0.0	0.0	0.0	0.0	0.0	0.0	0.0	0.5	0.75	0.75	0.0	0.0	0.0	0.0	0.0	0.0	0.0	0.5	0.75	0.0	0.0	0.0
SMPD3_NM_018667	SSS_AGCAGCAGC	805	814	1010	0.0	0.0	0.0	0.0	0.0	0.0	0.16666666666666666	0.3333333333333333	0.0	0.3333333333333333	0.0	0.16666666666666666	0.0	0.3333333333333333	0.16666666666666666	0.0	0.16666666666666666	0.16666666666666666	0.0	0.07142857142857142	0.16666666666666666	0.0	0.0	0.0	0.0	0.0	0.0	0.0	0.0	0.0
SMUG1_NM_014311	EEE_GAGGAGGAG	196	205	227	0.0	0.0	1.0	15.0	0.0	0.0	2.0	0.0	0.0	1.0	2.0	2.0	3.0	3.0	11.0	9.0	0.0	0.0	2.0	2.0	0.0	0.0	0.0	0.0	0.0	0.0	0.0	0.0	0.0	1.0
SMYD4_NM_052928	QQQ_CAGCAGCAG	2071	2080	2120	0.0	0.0	0.0	0.0	0.0	0.0	0.0	1.0	0.0	0.0	0.0	2.0	2.0	0.0	0.0	1.0	2.0	2.0	1.0	0.0	0.0	0.0	0.0	0.0	0.0	0.0	0.0	0.0	0.0	1.0
SNX27_NM_030918	GGG_GGCGGCGGC	211	220	284	0.0	0.0	0.0	0.0	0.0	1.0	0.5	1.5	0.0	0.0	0.0	0.0	0.0	0.0	0.5	0.5	0.5	1.0	1.0	0.6666666666666666	0.0	0.5	0.0	0.0	0.0	0.5	0.0	0.0	0.0	0.0
SOWAHB_NM_001029870	AAA_GCGGCGGCG	661	670	839	0.0	1.8	1.4	0.0	0.8	0.0	0.0	0.4	0.2	0.0	0.6	0.6	1.0	0.0	0.2	0.2	0.8	0.4	0.0	0.5	0.0	0.0	0.0	0.0	0.0	0.0	0.0	0.0	0.0	0.0
SPECC1L_NM_015330	EEE_GAGGAGGAG	2500	2509	2534	0.0	0.0	0.0	0.0	1.0	0.0	0.0	0.0	0.0	0.0	2.0	1.0	1.0	1.0	0.0	0.0	0.0	1.0	1.0	0.5	0.0	4.0	2.0	0.0	0.0	0.0	0.0	1.0	1.0	2.0
SPTY2D1_NM_194285	DDD_GATGATGAT	1876	1885	2069	0.0	0.16666666666666666	0.8333333333333334	1.5	0.0	0.0	0.3333333333333333	0.5	1.0	0.5	1.1666666666666667	0.6666666666666666	0.16666666666666666	0.5	0.6666666666666666	0.5	1.1666666666666667	1.0	1.1666666666666667	1.4	0.3333333333333333	0.0	0.0	0.16666666666666666	0.16666666666666666	0.16666666666666666	0.0	0.0	0.0	0.0
SRCAP_NM_006662	DDD_GATGATGAT	1735	1744	1835	0.3333333333333333	0.0	0.0	0.0	0.0	0.0	0.3333333333333333	0.0	0.6666666666666666	0.3333333333333333	0.0	0.0	0.0	0.6666666666666666	1.3333333333333333	0.3333333333333333	0.3333333333333333	0.0	0.0	0.0	0.0	0.0	0.0	0.0	0.0	0.0	0.3333333333333333	0.0	0.0	0.0
SRCIN1_NM_025248	GGGG_GGCGGCGGCGGC	1465	1477	2159	0.08695652173913043	0.043478260869565216	0.08695652173913043	0.0	0.08695652173913043	0.0	0.0	0.043478260869565216	0.0	0.0	0.043478260869565216	0.0	0.0	0.043478260869565216	0.0	0.043478260869565216	0.08695652173913043	0.0	0.0	0.041666666666666664	0.043478260869565216	0.043478260869565216	0.13043478260869565	0.043478260869565216	0.043478260869565216	0.043478260869565216	0.0	0.0	0.043478260869565216	0.08695652173913043
SSC5D_NM_001144950	GGG_GGAGGAGGA	901	910	1406	0.0625	0.0	0.0	0.0	0.0	0.0625	0.0	0.0	0.0	0.0	0.0	0.0	0.0625	0.0625	0.0625	0.0	0.0	0.0625	0.0625	0.0	0.0625	0.0	0.0	0.0	0.0625	0.0	0.0	0.0	0.0	0.0
ST6GALNAC6_NM_001286999	TTT_ACCACCACC	1009	1018	1160	0.0	0.2	0.4	0.0	0.2	0.4	0.2	1.0	1.2	0.2	0.2	0.0	0.2	0.6	0.0	0.4	0.2	0.2	0.0	0.0	0.0	0.0	0.0	0.0	0.0	0.0	0.0	0.0	0.0	0.0
STK40_NM_001282546	LLL_CTGCTGCTG	1261	1270	1376	0.0	0.0	1.0	0.0	0.0	0.0	0.0	0.6666666666666666	0.3333333333333333	0.0	0.0	0.3333333333333333	0.0	0.0	1.0	1.0	0.0	0.0	1.6666666666666667	0.0	0.0	0.0	0.0	0.0	0.6666666666666666	0.0	0.0	0.0	0.0	0.0
STRIP1_NM_033088	QQQ_CAGCAGCAG	1135	1144	1175	0.0	0.0	0.0	0.0	0.0	0.0	0.0	0.0	0.0	1.0	0.0	0.0	0.0	1.0	1.0	1.0	2.0	1.0	0.0	0.0	0.0	0.0	0.0	0.0	0.0	0.0	0.0	4.0	0.0	0.0
SUCO_NM_016227	RRR_CGGCGGCGG	454	463	542	0.0	0.0	0.0	0.0	0.0	0.0	0.0	0.0	0.0	0.0	0.0	0.0	0.0	0.5	1.0	0.0	0.0	0.0	0.0	0.18181818181818182	0.0	0.0	0.0	0.0	0.0	0.0	0.0	0.0	0.0	0.0
SWAP70_NM_015055	DDD_GATGATGAT	271	280	320	0.0	0.0	0.0	0.0	0.0	0.0	0.0	0.0	0.0	0.0	1.0	4.0	3.0	0.0	0.0	0.0	1.0	1.0	0.0	0.14285714285714285	0.0	1.0	0.0	0.0	0.0	0.0	0.0	0.0	0.0	0.0
SWAP70_NM_015055	QQQ_CAGCAGCAG	1510	1519	1574	0.0	0.0	0.5	1.0	0.0	0.0	0.0	0.0	0.5	0.0	0.0	0.5	0.5	1.5	1.0	1.0	0.0	0.0	0.5	0.0	0.5	0.0	0.0	1.0	0.0	0.0	0.5	0.0	0.5	2.0
TAF1B_NM_005680	KKK_AAAAAAAAA	286	295	374	0.0	0.0	0.5	0.0	0.0	0.0	0.0	0.0	0.0	0.0	0.0	0.0	1.0	2.5	0.0	0.5	0.5	0.5	1.0	0.18181818181818182	0.0	0.0	0.0	0.5	0.0	0.0	0.0	1.0	0.0	0.0
TAF5_NM_006951	KKK_AAGAAGAAG	1303	1312	1397	0.0	0.0	0.0	0.0	0.0	0.0	0.0	0.0	0.0	0.0	0.3333333333333333	0.0	0.0	0.6666666666666666	0.0	0.0	0.0	0.0	0.6666666666666666	0.5	0.3333333333333333	0.0	0.0	0.0	0.0	0.0	0.0	0.0	0.0	0.0
TCAF2_NM_001130025	QQQ_CAGCAGCAG	748	757	1010	0.0	0.0	0.25	0.0	0.0	0.0	0.0	0.0	0.0	0.0	0.25	0.125	0.0	0.0	0.0	0.375	0.625	0.125	0.125	0.0	0.25	0.25	0.0	0.125	0.0	0.0	0.0	0.0	0.0	0.125
TCF7_NM_003202	KKK_AAGAAGAAG	1129	1138	1244	0.0	0.0	0.0	0.0	0.0	0.0	0.0	0.0	0.0	0.0	0.6666666666666666	0.3333333333333333	0.3333333333333333	0.0	0.0	0.0	0.0	0.0	0.0	0.0	0.0	0.0	0.0	0.0	0.0	0.0	0.0	0.0	0.0	0.0
TCP10L_NM_144659	QQQ_CAGCAGCAG	250	259	338	0.0	0.0	0.0	0.0	0.0	0.0	0.5	0.5	0.0	0.0	0.5	0.5	0.5	0.5	0.0	0.0	2.5	0.5	0.0	0.7272727272727273	0.5	0.0	0.0	0.0	0.0	0.0	0.0	0.0	0.0	0.0
TDP2_NM_016614	AAA_GCAGCAGCA	1063	1072	1118	0.0	0.0	0.0	0.0	0.0	2.0	0.0	1.0	1.0	1.0	0.0	3.0	4.0	2.0	1.0	0.0	0.0	0.0	1.0	1.1111111111111112	0.0	0.0	0.0	0.0	2.0	0.0	2.0	1.0	0.0	0.0
TLE2_NM_001300846	EEE_GAGGAGGAG	706	715	977	0.0	0.1111111111111111	0.0	0.0	0.0	0.0	0.0	0.0	0.0	0.0	0.1111111111111111	0.1111111111111111	0.1111111111111111	0.2222222222222222	0.1111111111111111	0.1111111111111111	0.0	0.1111111111111111	0.1111111111111111	0.0	0.0	0.0	0.0	0.0	0.1111111111111111	0.0	0.0	0.1111111111111111	0.0	0.1111111111111111
TMC8_NM_152468	QQQ_CAGCAGCAG	952	961	1223	0.0	0.0	0.0	0.0	0.0	0.0	0.0	0.1111111111111111	0.0	0.0	0.2222222222222222	0.0	0.0	0.1111111111111111	0.0	0.0	0.0	0.0	0.1111111111111111	0.0	0.0	0.0	0.0	0.0	0.1111111111111111	0.1111111111111111	0.0	0.0	0.0	0.0
TMEM138_NM_016464	III_ATCATCATC	256	265	353	1.3333333333333333	0.0	0.6666666666666666	1.0	1.0	0.0	1.0	0.6666666666666666	1.3333333333333333	2.0	0.3333333333333333	0.6666666666666666	1.0	1.0	1.0	0.0	0.6666666666666666	1.0	0.6666666666666666	1.2	0.3333333333333333	0.3333333333333333	0.3333333333333333	0.0	0.0	0.3333333333333333	0.0	0.0	0.3333333333333333	0.0
TMEM184A_NM_001097620	LLLL_CTCCTCCTCCTC	421	433	509	0.0	0.0	0.0	0.5	0.0	0.0	0.5	0.0	0.0	0.0	0.0	0.0	0.5	0.0	0.0	0.5	0.5	1.0	1.0	0.0	0.0	0.5	0.0	0.0	0.0	0.0	0.5	0.5	0.0	0.5
TMEM251_NM_001098621	AAA_GCAGCAGCA	274	283	392	0.0	0.0	0.0	1.0	0.3333333333333333	0.3333333333333333	0.6666666666666666	0.0	0.3333333333333333	0.3333333333333333	0.0	0.0	0.0	0.0	0.0	0.3333333333333333	0.0	0.0	0.0	0.5	0.0	0.0	0.0	0.0	0.0	0.0	0.0	0.0	0.3333333333333333	0.0
TNIK_NM_015028	QQQ_CAGCAGCAG	1222	1231	1454	0.0	0.14285714285714285	0.0	0.14285714285714285	0.0	0.0	0.0	0.0	0.0	0.0	0.14285714285714285	0.0	0.14285714285714285	0.0	0.0	0.14285714285714285	0.0	0.0	0.14285714285714285	0.0	0.0	0.0	0.0	0.0	0.14285714285714285	0.14285714285714285	0.42857142857142855	0.0	0.0	0.0
TNK2_NM_001010938	EEE_GAGGAGGAG	2620	2629	2831	0.14285714285714285	0.0	0.2857142857142857	0.0	0.0	0.0	0.0	0.0	0.0	0.14285714285714285	0.14285714285714285	0.0	0.0	0.0	0.0	0.0	0.2857142857142857	0.14285714285714285	0.42857142857142855	0.0	0.14285714285714285	0.14285714285714285	0.14285714285714285	0.0	0.0	0.0	0.2857142857142857	0.0	0.0	0.14285714285714285
TNKS_NM_003747	GGG_GGAGGAGGA	3784	3793	3863	0.0	0.0	0.0	0.0	0.0	0.0	0.0	0.0	0.0	1.0	1.5	0.5	0.0	0.0	0.0	0.0	0.0	0.0	0.0	0.125	0.0	0.0	0.0	0.0	0.5	0.0	0.0	0.0	0.0	0.0
TNRC18_NM_001080495	SSSSS_TCCTCCTCCTCCTCC,SSSSSSSSS_TCCTCCTCCTCCTCCTCCTCCTCCTCC,SSSS_TCCTCCTCCTCC,SSSS_TCCTCCTCCTCC,SSSS_TCCTCCTCCTCC,SSSSSS_TCCTCCTCCTCCTCCTCC	7939	8092	8501	0.1111111111111111	0.16666666666666666	0.2222222222222222	0.05555555555555555	0.0	0.2777777777777778	0.5	0.0	0.1111111111111111	0.0	0.0	0.0	0.0	0.05555555555555555	0.0	0.0	0.16666666666666666	0.3888888888888889	0.0	0.0	0.1111111111111111	0.16666666666666666	0.05555555555555555	0.05555555555555555	0.05555555555555555	0.1111111111111111	0.16666666666666666	0.2222222222222222	0.0	0.0
TNRC6A_NM_014494	QQQQ_CAGCAGCAGCAG,QQQ_CAGCAGCAG,QQQQ_CAGCAGCAGCAG,QQQ_CAGCAGCAG,QQQQ_CAGCAGCAGCAG,QQQ_CAGCAGCAG	385	475	548	0.0	0.0	0.2	0.0	0.0	0.4	0.0	2.4	0.2	0.2	0.0	0.0	0.0	0.2	0.0	0.0	0.2	0.2	0.4	0.3333333333333333	0.0	0.0	0.6	0.2	0.0	0.0	0.0	1.8	0.4	0.0
TNRC6B_NM_001162501	QQQ_CAGCAGCAG,QQQ_CAGCAGCAG	3958	3979	4052	0.0	0.0	0.0	0.0	0.0	0.0	0.0	0.0	0.0	0.0	1.3333333333333333	0.0	1.6666666666666667	3.3333333333333335	0.0	1.6666666666666667	0.6666666666666666	0.0	0.3333333333333333	1.0	0.0	0.0	0.0	0.0	6.0	0.6666666666666666	0.0	0.0	1.3333333333333333	0.0
TOR1AIP1_NM_001267578	QQQ_CAGCAGCAG	490	499	539	1.0	6.0	1.0	0.0	0.0	0.0	0.0	0.0	2.0	0.0	0.0	0.0	0.0	0.0	1.0	1.0	1.0	2.0	1.0	0.8571428571428571	0.0	0.0	1.0	0.0	0.0	0.0	0.0	1.0	0.0	1.0
TRAF2_NM_021138	KKK_AAGAAGAAG	679	688	782	0.0	0.0	1.0	0.6666666666666666	0.0	0.0	0.0	0.0	0.0	0.0	2.3333333333333335	0.6666666666666666	0.6666666666666666	0.0	0.6666666666666666	0.0	0.3333333333333333	0.3333333333333333	0.0	0.42857142857142855	0.0	0.0	0.0	0.3333333333333333	0.0	0.3333333333333333	0.0	0.0	0.0	0.0
TRAPPC10_NM_003274	SSS_AGCAGCAGC	3700	3709	3875	0.0	0.0	0.0	0.0	0.0	0.2	0.0	0.0	0.0	0.0	0.0	0.0	0.0	0.2	0.0	0.0	0.2	0.0	0.0	0.3076923076923077	0.0	0.0	0.0	0.0	0.0	0.0	0.0	0.0	0.0	0.0
TRIM33_NM_015906	QQQ_CAACAACAA	1657	1666	1703	0.0	0.0	0.0	0.0	1.0	0.0	0.0	0.0	0.0	0.0	0.0	0.0	0.0	0.0	1.0	1.0	0.0	0.0	1.0	0.3333333333333333	5.0	1.0	1.0	1.0	0.0	0.0	0.0	0.0	1.0	0.0
TRIM34_NM_021616	EEEE_GAAGAAGAAGAA	715	727	770	0.0	1.0	0.0	0.0	0.0	0.0	0.0	0.0	0.0	0.0	0.0	2.0	2.0	0.0	1.0	1.0	0.0	0.0	0.0	0.2222222222222222	0.0	0.0	0.0	0.0	0.0	0.0	0.0	0.0	0.0	1.0
TRNP1_NM_001013642	RRR_CGGCGGCGG	418	427	545	0.0	0.0	0.0	0.0	0.0	0.0	0.0	0.0	0.0	0.0	0.0	0.0	0.0	0.25	0.0	0.0	0.25	0.5	0.0	0.0	0.0	0.0	0.0	0.0	0.0	0.0	0.0	0.0	0.0	0.0
TRPM7_NM_017672	NNN_AATAATAAT	5293	5302	5348	0.0	0.0	0.0	0.0	0.0	1.0	0.0	0.0	0.0	0.0	2.0	1.0	1.0	1.0	1.0	1.0	0.0	0.0	0.0	0.0	0.0	0.0	0.0	0.0	0.0	0.0	0.0	0.0	0.0	0.0
TTC4_NM_004623	AAA_GCAGCAGCA	469	478	521	2.0	3.0	0.0	0.0	1.0	0.0	0.0	0.0	0.0	0.0	0.0	0.0	0.0	0.0	0.0	0.0	0.0	1.0	3.0	0.75	0.0	0.0	0.0	0.0	0.0	0.0	0.0	0.0	0.0	0.0
TUBGCP6_NM_020461	EEE_GAGGAGGAG	2344	2353	2489	0.0	0.0	0.0	0.0	0.0	0.25	0.0	0.0	0.0	0.0	0.5	0.0	0.0	0.5	0.0	0.0	0.0	0.25	0.25	0.16666666666666666	0.0	0.0	0.25	0.0	0.0	0.0	0.25	0.0	0.0	0.75
TUSC3_NM_006765	LLLL_CTGCTGCTGCTG	187	199	248	0.0	0.0	0.0	0.0	0.0	0.0	0.0	0.0	0.0	0.0	0.0	0.0	0.0	0.5	0.5	2.0	1.5	0.5	0.5	0.0	0.0	0.0	0.0	0.0	0.0	1.0	0.0	0.0	0.0	0.0
TWISTNB_NM_001002926	EEE_GAGGAGGAG,KKKK_AAGAAGAAGAAG	913	943	1076	0.0	0.0	0.4	0.2	0.4	0.2	0.0	0.0	0.0	0.6	0.0	0.2	0.4	0.4	0.8	0.2	1.0	0.2	0.2	0.4444444444444444	0.0	0.0	0.4	0.0	0.0	0.0	0.0	0.0	0.0	0.0
UCKL1_NM_017859	QQQ_CAGCAGCAG	523	532	617	0.3333333333333333	0.3333333333333333	0.0	1.3333333333333333	0.0	0.0	0.0	0.0	0.0	0.0	0.3333333333333333	1.6666666666666667	1.0	0.0	0.0	0.0	0.0	0.0	0.0	0.0	0.6666666666666666	0.0	0.3333333333333333	0.3333333333333333	0.3333333333333333	0.3333333333333333	0.0	0.0	0.0	0.3333333333333333
VAMP7_NM_001185183	HHH_CATCATCAT	607	616	695	0.0	0.0	2.5	31.0	15.5	7.0	2.0	8.0	5.0	3.0	2.5	3.0	5.0	4.0	10.0	10.0	1.0	1.0	3.0	3.272727272727273	0.0	0.0	0.0	0.0	0.0	0.5	0.0	0.0	0.0	0.0
WDR47_NM_001142550	QQQ_CAGCAGCAG	1522	1531	1583	0.0	0.5	0.0	0.0	0.0	0.0	0.0	0.0	0.0	0.5	0.5	0.0	0.5	0.0	0.0	0.0	0.0	0.0	0.0	0.5	0.0	0.0	0.0	0.0	0.5	0.0	0.5	0.0	0.0	0.0
WRAP53_NM_018081	SSS_AGCAGCAGC	838	847	932	0.0	0.0	0.0	0.6666666666666666	0.0	0.0	0.0	0.0	0.0	0.0	0.3333333333333333	0.0	0.0	0.0	0.0	0.3333333333333333	0.0	0.0	0.3333333333333333	0.5	0.0	0.0	0.0	0.0	0.0	0.0	0.0	0.0	0.0	0.0
YBX3_NM_003651	EEEE_GAGGAGGAGGAG	682	694	902	0.14285714285714285	1.0	0.14285714285714285	0.14285714285714285	0.0	0.2857142857142857	0.2857142857142857	0.5714285714285714	1.1428571428571428	0.14285714285714285	0.14285714285714285	0.0	0.0	0.2857142857142857	0.0	0.2857142857142857	0.2857142857142857	0.42857142857142855	0.0	0.4	0.42857142857142855	0.0	0.7142857142857143	0.0	0.2857142857142857	0.14285714285714285	0.42857142857142855	0.2857142857142857	0.42857142857142855	0.0
YY1AP1_NM_001198903	EEE_GAGGAGGAG	583	592	668	1.0	1.0	0.0	1.0	0.5	2.5	1.5	0.0	0.0	1.0	0.5	1.5	3.0	2.0	1.0	0.0	0.5	0.5	0.0	1.7	0.5	0.0	1.5	0.0	4.5	0.0	1.0	1.0	0.0	0.0
ZBED4_NM_014838	DDD_GATGATGAT	181	190	248	0.0	0.0	0.0	0.0	0.0	0.0	0.0	0.0	0.0	0.0	0.0	0.5	0.0	0.0	0.5	0.5	0.0	0.0	0.0	0.25	0.5	0.0	0.0	0.0	0.0	0.0	0.0	0.0	0.0	0.0
ZBTB41_NM_194314	EEE_GAGGAGGAG	1027	1036	1124	0.0	0.0	0.0	0.0	0.3333333333333333	0.0	0.3333333333333333	0.0	0.0	0.3333333333333333	0.0	0.0	0.0	0.3333333333333333	0.3333333333333333	0.0	1.0	0.0	0.3333333333333333	0.4	0.3333333333333333	0.0	0.3333333333333333	0.0	0.0	0.3333333333333333	0.0	0.6666666666666666	0.3333333333333333	0.3333333333333333
ZBTB47_NM_145166	EEEE_GAGGAGGAGGAG,EEEEE_GAGGAGGAGGAGGAG	931	964	1385	0.0	0.0	0.06666666666666667	0.0	0.06666666666666667	0.0	0.0	0.06666666666666667	0.0	0.0	0.06666666666666667	0.06666666666666667	0.0	0.06666666666666667	0.0	0.0	0.0	0.0	0.0	0.0	0.0	0.06666666666666667	0.0	0.0	0.06666666666666667	0.13333333333333333	0.06666666666666667	0.0	0.0	0.2
ZC2HC1A_NM_016010	PPPP_CCTCCTCCTCCT	421	433	515	0.0	0.0	0.0	0.0	0.0	0.0	0.0	0.0	0.0	0.0	0.0	0.0	0.0	0.0	0.0	0.0	0.0	0.0	1.0	0.75	0.0	0.0	0.0	0.0	0.0	0.0	0.0	0.0	0.0	0.0
ZC3HAV1_NM_020119	LLL_CTCCTCCTC	508	517	680	0.4	0.2	0.0	4.4	0.8	0.6	0.0	0.2	2.0	0.0	0.2	0.6	0.4	3.2	1.8	1.0	0.6	1.0	1.4	0.5	0.8	0.0	0.2	3.4	3.6	0.2	1.6	0.2	0.0	0.2
ZFHX3_NM_006885	AAAAA_GCGGCGGCGGCGGCG,AAAA_GCGGCGGCGGCG	2413	2446	2570	0.0	0.0	0.0	0.0	0.0	0.2	0.0	0.2	0.0	0.0	0.2	0.4	0.0	0.0	0.0	0.0	0.0	0.0	0.0	0.14285714285714285	0.0	0.0	0.0	0.0	0.2	0.0	0.0	0.0	0.0	0.0
ZFHX3_NM_006885	QQQ_CAGCAGCAG	6523	6532	6626	0.0	0.3333333333333333	0.0	0.0	0.0	0.0	0.0	0.0	0.0	0.0	0.0	0.3333333333333333	0.3333333333333333	0.0	0.0	0.0	0.3333333333333333	0.0	0.0	0.14285714285714285	0.0	0.0	0.0	0.0	0.0	0.0	0.6666666666666666	0.0	0.0	0.0
ZFHX3_NM_006885	EEE_GAGGAGGAG,EEEE_GAGGAGGAGGAG,EEE_GAGGAGGAG,EEE_GAGGAGGAG	1498	1558	1706	0.0	0.0	0.0	0.0	0.0	0.0	0.0	0.3333333333333333	0.0	0.0	0.16666666666666666	0.0	0.16666666666666666	0.16666666666666666	0.0	0.0	0.16666666666666666	0.0	0.0	0.0	0.0	0.0	0.0	0.16666666666666666	0.0	0.0	0.0	0.0	0.0	0.0
ZFPM1_NM_153813	AAA_GCCGCCGCC	2656	2665	3116	0.0	0.0	0.06666666666666667	0.0	0.0	0.0	0.13333333333333333	0.06666666666666667	0.0	0.0	0.0	0.0	0.0	0.06666666666666667	0.2	0.13333333333333333	0.2	0.13333333333333333	0.06666666666666667	0.05555555555555555	0.0	0.0	0.0	0.0	0.0	0.0	0.0	0.0	0.0	0.0
ZG16_NM_152338	GGG_GGTGGTGGT	193	202	287	0.3333333333333333	0.3333333333333333	0.0	0.0	0.0	0.0	0.0	1.6666666666666667	0.6666666666666666	6.0	2.0	3.0	1.3333333333333333	2.0	2.0	1.6666666666666667	0.3333333333333333	0.3333333333333333	2.3333333333333335	1.25	1.6666666666666667	1.0	3.0	2.0	1.0	4.0	3.0	0.6666666666666666	2.6666666666666665	1.3333333333333333
ZHX1_NM_001017926	YYY_TACTACTAC	2266	2275	2303	0.0	0.0	0.0	0.0	0.0	0.0	0.0	0.0	0.0	0.0	0.0	0.0	0.0	1.0	2.0	1.0	3.0	3.0	1.0	0.3333333333333333	0.0	0.0	1.0	0.0	0.0	0.0	0.0	0.0	0.0	0.0
ZMYM5_NM_001142684	QQQ_CAACAACAA	796	805	962	0.4	0.0	0.0	0.2	0.0	0.4	0.0	0.0	0.0	0.0	0.0	0.0	0.0	0.0	0.4	0.2	0.0	0.0	0.0	0.2	0.0	0.4	0.2	0.0	0.0	0.0	0.2	0.2	0.0	0.4
ZNF276_NM_001113525	KKK_AAGAAGAAG	1357	1366	1454	0.0	0.0	0.0	0.0	0.3333333333333333	0.3333333333333333	0.0	0.0	0.0	0.0	0.0	0.0	0.3333333333333333	0.3333333333333333	0.0	0.0	0.3333333333333333	0.3333333333333333	0.3333333333333333	0.0	0.0	0.0	0.3333333333333333	0.0	0.0	0.0	0.0	0.0	0.0	0.0
ZNF281_NM_001281293	HHH_CACCACCAC,HHHH_CACCACCACCAC	520	544	590	0.5	0.0	0.0	2.5	0.0	0.0	6.0	0.0	0.0	0.0	0.0	0.0	0.5	0.5	3.0	4.0	0.5	0.5	0.5	0.0	0.0	0.0	0.0	0.5	0.0	0.5	2.5	0.5	0.5	0.5
ZNF317_NM_020933	EEE_GAGGAGGAG	433	442	563	0.25	0.0	0.5	0.0	0.0	0.0	0.0	0.0	0.0	0.0	0.0	0.0	0.0	0.0	0.25	0.25	0.0	0.0	0.5	0.14285714285714285	0.0	0.0	0.0	0.0	0.0	0.25	0.0	0.25	0.0	0.0
ZNF318_NM_014345	GGG_GGTGGTGGT	1129	1138	1175	0.0	0.0	0.0	0.0	0.0	0.0	0.0	0.0	0.0	0.0	0.0	0.0	0.0	0.0	1.0	2.0	1.0	0.0	1.0	0.16666666666666666	0.0	0.0	0.0	0.0	0.0	0.0	0.0	0.0	0.0	0.0
ZNF384_NM_001135734	AAAA_GCAGCAGCAGCA	1495	1507	1745	0.125	0.375	0.125	0.0	0.0	0.0	0.5	0.0	0.25	0.0	0.125	0.0	0.0	0.375	0.125	0.0	0.25	0.125	0.0	0.09090909090909091	0.25	0.0	0.0	0.0	0.125	0.0	0.0	0.0	0.0	0.0
ZNF384_NM_001135734	QQQQQQQQQQQQQQ_CAGCAGCAGCAGCAGCAGCAGCAGCAGCAGCAGCAGCAGCAG,PPP_CCACCACCA	1600	1657	1745	0.0	0.0	0.25	0.0	0.0	0.0	0.0	0.0	0.5	0.25	0.0	0.0	0.0	0.5	0.5	0.0	0.25	0.0	0.0	0.08333333333333333	0.0	0.5	0.0	0.0	0.0	0.0	0.0	0.0	0.0	0.25
ZNF451_NM_001031623	QQQ_CAACAACAA	769	778	1013	0.0	0.625	0.25	0.125	0.125	0.0	0.0	0.375	0.0	0.0	0.75	0.5	0.0	0.25	0.0	0.0	0.0	0.875	0.25	0.0	0.375	0.625	0.125	0.0	0.375	0.125	0.0	0.0	0.125	0.625
ZNF512_NM_032434	EEE_GAAGAAGAA	1567	1576	1613	0.0	1.0	0.0	1.0	0.0	0.0	0.0	1.0	0.0	0.0	0.0	0.0	1.0	2.0	1.0	0.0	0.0	1.0	2.0	0.16666666666666666	0.0	0.0	0.0	0.0	0.0	0.0	0.0	0.0	0.0	0.0
ZNF629_NM_001080417	LLL_CTGCTGCTG	2284	2293	2609	0.0	0.0	0.3	0.1	0.1	0.0	0.2	0.1	0.0	0.2	0.1	0.1	0.1	0.0	0.0	0.1	0.0	0.0	0.3	0.1111111111111111	0.0	0.1	0.0	0.0	0.0	0.0	0.0	0.0	0.0	0.0
ZNF697_NM_001080470	DDD_GACGACGAC	454	463	812	0.45454545454545453	0.09090909090909091	0.18181818181818182	0.18181818181818182	0.0	0.2727272727272727	0.18181818181818182	0.09090909090909091	0.0	0.0	0.09090909090909091	0.09090909090909091	0.18181818181818182	0.0	0.2727272727272727	0.0	0.0	0.0	0.0	0.05	0.0	0.09090909090909091	0.0	0.0	0.0	0.0	0.0	0.18181818181818182	0.0	0.0
ZNF710_NM_198526	EEE_GAGGAGGAG	340	349	575	0.0	0.0	0.0	0.0	0.0	0.0	0.0	0.0	0.0	0.0	0.0	0.14285714285714285	0.14285714285714285	0.14285714285714285	0.0	0.0	0.14285714285714285	0.14285714285714285	0.0	0.0	0.0	0.0	0.0	0.0	0.0	0.0	0.14285714285714285	0.0	0.0	0.0
ZNRF3_NM_001206998	SSS_AGCAGCAGC	955	964	1115	0.0	0.0	0.6	0.0	0.4	0.0	0.0	0.0	0.0	0.2	0.0	0.0	0.2	0.0	0.0	0.0	0.6	0.4	0.0	0.125	0.0	0.0	0.0	0.2	0.0	0.2	0.0	0.0	0.0	0.0
ZNRF3_NM_001206998	CCC_TGCTGCTGC	2233	2242	2417	0.0	0.0	0.3333333333333333	0.0	0.0	0.0	0.0	0.0	0.0	0.0	0.0	0.0	0.0	0.0	0.0	0.16666666666666666	0.0	0.16666666666666666	0.0	0.2857142857142857	0.0	0.0	0.0	0.0	0.0	0.0	0.16666666666666666	0.0	0.0	0.0
ZSWIM8_NM_001242488	EEE_GAGGAGGAG	5017	5026	5522	0.125	0.0625	0.0	0.0	0.1875	0.1875	0.125	0.125	0.0	0.125	0.25	0.1875	0.0	0.0625	1.6875	0.25	1.0625	2.25	1.5	1.0416666666666667	0.0625	0.0	0.0625	0.0625	0.0	0.0	0.0	0.0	0.0	0.0
ZXDA_NM_007156	GGG_GGCGGCGGC	346	355	440	0.0	0.3333333333333333	0.0	0.0	0.0	0.0	0.3333333333333333	0.0	0.0	0.0	0.0	0.0	1.0	1.0	0.0	1.0	0.0	0.6666666666666666	1.0	0.5	0.0	0.0	0.0	0.0	0.0	0.0	0.0	0.0	0.0	0.0
